# Strong motion recording for 1994 Northridge EQ
# Author: Rob Graves
# Date: Wed Mar 03 15:29:42 PST 2010
# 
# Station: ingl
#    longitude: -118.27920
#    latitude: 33.90540
#    closest distance to fault (km): 41.38
#    Vs30 (m/s): 316
#    low freq. corner (Hz): 0.160
#    high freq. corner (Hz): 23.0
#    station operator/owner: CSMIP
#    data source: peer.berkeley.edu/nga
# 
# Data fields are TAB-separated
# 
# Column 1: Time (s)
# Column 2: North-south acceleration (cm/s/s) (+ is northward)
# Column 3: East-west acceleration (cm/s/s) (+ is eastward)
# Column 4: Up-down acceleration (cm/s/s) (+ is upward)
#
0.000000e+00	2.564800e-02	9.994600e-02	-6.877800e-03
2.000000e-02	1.304740e-02	1.607100e-01	4.776620e-02
4.000000e-02	-1.612660e-02	1.633600e-01	-7.179380e-02
6.000000e-02	6.042020e-04	1.549850e-01	-2.471260e-01
8.000000e-02	5.135220e-02	1.743300e-01	-3.447880e-01
1.000000e-01	1.445440e-01	2.137500e-01	-4.877340e-01
1.200000e-01	2.313880e-01	2.550940e-01	-5.877900e-01
1.400000e-01	2.870300e-01	2.897960e-01	-7.104760e-01
1.600000e-01	3.152720e-01	2.824530e-01	-9.104960e-01
1.800000e-01	3.294830e-01	2.303250e-01	-1.127260e+00
2.000000e-01	3.317830e-01	1.810210e-01	-1.241490e+00
2.200000e-01	3.179900e-01	1.655200e-01	-1.211360e+00
2.400000e-01	3.324310e-01	1.636890e-01	-1.136350e+00
2.600000e-01	3.786290e-01	1.405670e-01	-9.484400e-01
2.800000e-01	4.651490e-01	1.116630e-01	-7.094200e-01
3.000000e-01	5.033770e-01	8.532350e-02	-5.291060e-01
3.200000e-01	4.646330e-01	9.052550e-02	-4.462480e-01
3.400000e-01	3.828590e-01	1.450790e-01	-3.397720e-01
3.600000e-01	3.242970e-01	1.370180e-01	-2.701340e-01
3.800000e-01	3.150220e-01	9.203590e-02	-2.171420e-01
4.000000e-01	2.730840e-01	9.268330e-02	-1.166360e-01
4.200000e-01	2.081680e-01	1.193490e-01	-1.694380e-02
4.400000e-01	1.525560e-01	1.619270e-01	1.785220e-02
4.600000e-01	1.049440e-01	2.155530e-01	-5.889580e-02
4.800000e-01	9.933540e-02	2.383230e-01	-1.139660e-01
5.000000e-01	1.139170e-01	2.678390e-01	-1.233620e-01
5.200000e-01	1.229120e-01	2.587730e-01	-1.521060e-01
5.400000e-01	1.144540e-01	2.187690e-01	-2.446840e-01
5.600000e-01	8.696000e-02	1.922550e-01	-2.246080e-01
5.800000e-01	6.002400e-02	1.630010e-01	-1.601380e-01
6.000000e-01	7.370000e-03	1.528810e-01	-4.881440e-02
6.200000e-01	-3.844400e-02	1.406220e-01	2.213160e-02
6.400000e-01	-9.704800e-02	1.585430e-01	3.478700e-02
6.600000e-01	-1.185920e-01	1.750850e-01	3.167800e-02
6.800000e-01	-1.075590e-01	1.802020e-01	4.472500e-02
7.000000e-01	-1.242860e-01	1.753550e-01	-2.373300e-02
7.200000e-01	-1.484600e-01	1.581620e-01	-3.707730e-01
7.400000e-01	-1.434590e-01	9.754390e-02	-8.418330e-01
7.600000e-01	-7.324100e-02	5.407790e-02	-1.052130e+00
7.800000e-01	-3.302300e-02	8.231790e-02	-1.033670e+00
8.000000e-01	-4.023780e-02	9.671090e-02	-9.645790e-01
8.200000e-01	-3.412740e-02	9.899810e-02	-7.995770e-01
8.400000e-01	-2.497780e-02	1.326660e-01	-4.910970e-01
8.600000e-01	-4.180000e-05	1.300540e-01	-1.305170e-01
8.800000e-01	4.856620e-02	1.400100e-01	9.298300e-02
9.000000e-01	2.724820e-02	1.206710e-01	2.399010e-01
9.200000e-01	-2.889380e-02	9.176710e-02	2.787790e-01
9.400000e-01	-5.974380e-02	1.090930e-01	3.139610e-01
9.600000e-01	-5.345240e-02	9.824350e-02	3.556150e-01
9.800000e-01	-7.568040e-02	1.728870e-01	4.604350e-01
1.000000e-00	-1.322720e-01	2.945030e-01	4.981630e-01
1.020000e+00	-1.870860e-01	3.026910e-01	8.180300e-02
1.040000e+00	-1.984570e-01	2.537650e-01	-5.299370e-01
1.060000e+00	-2.052670e-01	2.187890e-01	-1.125780e+00
1.080000e+00	-1.908670e-01	1.983830e-01	-1.364800e+00
1.100000e+00	-1.496730e-01	2.306110e-01	-1.216950e+00
1.120000e+00	-1.495070e-01	2.271180e-01	-1.092050e+00
1.140000e+00	-1.410380e-01	1.207820e-01	-1.053040e+00
1.160000e+00	-1.509030e-01	-3.363550e-03	-9.112330e-01
1.180000e+00	-1.343540e-01	-5.812560e-02	-5.014730e-01
1.200000e+00	-1.137040e-01	-6.741740e-02	-1.800530e-01
1.220000e+00	-1.730480e-01	-7.728820e-02	-2.689500e-02
1.240000e+00	-2.524060e-01	-4.669220e-02	1.162850e-01
1.260000e+00	-3.103340e-01	-7.038820e-02	1.264110e-01
1.280000e+00	-3.720680e-01	-1.433940e-01	-2.441410e-03
1.300000e+00	-3.910770e-01	-1.420730e-01	-2.705610e-01
1.320000e+00	-3.906360e-01	-9.015860e-02	-4.385830e-01
1.340000e+00	-4.394480e-01	-4.090460e-02	-4.259060e-01
1.360000e+00	-4.602860e-01	-4.240060e-02	-3.362520e-01
1.380000e+00	-4.566910e-01	-9.246460e-02	-1.299320e-01
1.400000e+00	-4.382100e-01	-1.681850e-01	-3.079400e-02
1.420000e+00	-3.805660e-01	-1.813050e-01	3.739200e-02
1.440000e+00	-3.192220e-01	-8.087300e-02	5.455600e-02
1.460000e+00	-2.748720e-01	-5.694980e-03	-1.224320e-01
1.480000e+00	-2.691470e-01	-4.100500e-02	-4.403720e-01
1.500000e+00	-2.956250e-01	-9.198300e-02	-7.358520e-01
1.520000e+00	-2.586070e-01	-1.428610e-01	-9.369520e-01
1.540000e+00	-2.073810e-01	-1.587360e-01	-8.365160e-01
1.560000e+00	-1.858370e-01	-1.603410e-01	-5.991960e-01
1.580000e+00	-1.749610e-01	-1.642070e-01	-3.527560e-01
1.600000e+00	-1.809180e-01	-1.743150e-01	-3.087640e-01
1.620000e+00	-1.812940e-01	-2.102770e-01	-5.275840e-01
1.640000e+00	-2.146920e-01	-2.616290e-01	-5.121960e-01
1.660000e+00	-2.756100e-01	-2.832410e-01	-1.774560e-01
1.680000e+00	-3.271460e-01	-2.150770e-01	2.114820e-02
1.700000e+00	-3.487260e-01	-9.317870e-02	-5.861180e-02
1.720000e+00	-3.038060e-01	-5.018740e-03	-1.274560e-01
1.740000e+00	-2.076760e-01	-2.038210e-02	-1.627300e-01
1.760000e+00	-1.061660e-01	-9.068010e-02	-2.226580e-02
1.780000e+00	-2.679020e-02	-1.009990e-01	1.946820e-02
1.800000e+00	-4.031440e-02	-9.460710e-02	-9.906780e-02
1.820000e+00	-7.285240e-02	-1.012220e-01	-5.645580e-02
1.840000e+00	-8.928400e-02	-8.252090e-02	1.648640e-01
1.860000e+00	-2.809000e-02	-4.194490e-02	2.088400e-01
1.880000e+00	6.624200e-02	5.195070e-03	1.497820e-02
1.900000e+00	8.896800e-02	4.243110e-02	-1.876220e-01
1.920000e+00	1.243200e-01	6.828110e-02	-2.888100e-01
1.940000e+00	1.196060e-01	3.943710e-02	-2.344920e-01
1.960000e+00	1.370580e-02	1.985990e-02	-5.346380e-02
1.980000e+00	-7.862820e-02	1.053010e-02	1.857560e-01
2.000000e+00	-1.503720e-01	3.404210e-02	4.483360e-01
2.020000e+00	-2.105900e-01	1.120280e-01	8.037360e-01
2.040000e+00	-3.217220e-01	1.314590e-01	1.048700e+00
2.060000e+00	-3.738800e-01	1.070030e-01	1.033660e+00
2.080000e+00	-3.127100e-01	1.063630e-01	8.379380e-01
2.100000e+00	-2.679920e-01	1.397650e-01	5.105180e-01
2.120000e+00	-2.166520e-01	1.236170e-01	1.506380e-01
2.140000e+00	-1.614520e-01	9.468990e-03	-2.723420e-01
2.160000e+00	-1.521220e-01	-1.288950e-01	-6.853420e-01
2.180000e+00	-1.240440e-01	-2.091210e-01	-8.214360e-01
2.200000e+00	-2.372200e-02	-2.282300e-01	-8.280990e-01
2.220000e+00	5.074020e-03	-2.111950e-01	-8.037110e-01
2.240000e+00	1.417560e-02	-1.937390e-01	-6.988430e-01
2.260000e+00	1.152720e-01	-2.197690e-01	-4.858230e-01
2.280000e+00	2.112840e-01	-2.187220e-01	-3.089850e-01
2.300000e+00	2.191190e-01	-1.528740e-01	-1.987770e-01
2.320000e+00	1.892290e-01	-1.171840e-01	-1.231590e-01
2.340000e+00	2.145910e-01	-1.649840e-01	-1.542570e-01
2.360000e+00	2.375510e-01	-2.338980e-01	2.094340e-02
2.380000e+00	1.573450e-01	-2.468380e-01	3.930030e-01
2.400000e+00	4.561540e-02	-2.019600e-01	5.260270e-01
2.420000e+00	3.592720e-02	-1.219800e-01	1.163270e-01
2.440000e+00	6.856320e-02	-4.033750e-02	-3.490930e-01
2.460000e+00	1.224910e-01	-1.360950e-02	-4.217690e-01
2.480000e+00	1.437370e-01	-4.397550e-02	-2.894270e-01
2.500000e+00	3.836320e-02	-1.018000e-01	-1.571110e-01
2.520000e+00	-9.798790e-03	-1.291440e-01	-1.039460e-02
2.540000e+00	1.538320e-02	-1.316720e-01	2.288650e-01
2.560000e+00	6.691920e-02	-1.130660e-01	4.837850e-01
2.580000e+00	1.604790e-01	-8.109210e-02	6.586370e-01
2.600000e+00	2.100910e-01	-7.203150e-02	7.820490e-01
2.620000e+00	2.230190e-01	-1.599320e-01	9.710530e-01
2.640000e+00	1.389850e-01	-2.593980e-01	1.253990e+00
2.660000e+00	-3.370740e-02	-2.584010e-01	1.235840e+00
2.680000e+00	-1.523470e-01	-2.217630e-01	9.577960e-01
2.700000e+00	-2.006250e-01	-1.601070e-01	6.015760e-01
2.720000e+00	-1.985750e-01	-1.058350e-01	1.849560e-01
2.740000e+00	-1.460350e-01	-1.329530e-01	-1.591640e-01
2.760000e+00	-1.248550e-01	-2.083810e-01	-4.395440e-01
2.780000e+00	-1.784830e-01	-2.139660e-01	-4.231290e-01
2.800000e+00	-1.908080e-01	-2.353000e-01	-2.656930e-01
2.820000e+00	-8.830440e-02	-2.502110e-01	-2.141890e-01
2.840000e+00	9.078560e-02	-2.052630e-01	-2.212280e-01
2.860000e+00	2.027540e-01	-2.044630e-01	-1.932940e-01
2.880000e+00	2.549840e-01	-2.706250e-01	-2.467360e-01
2.900000e+00	2.581600e-01	-3.065470e-01	-3.118740e-01
2.920000e+00	2.116240e-01	-3.252180e-01	-3.001110e-01
2.940000e+00	1.522580e-01	-3.912980e-01	-2.712630e-01
2.960000e+00	1.716390e-01	-4.344840e-01	-2.541300e-01
2.980000e+00	2.568990e-01	-4.149510e-01	-2.556350e-01
3.000000e+00	2.076550e-01	-3.505110e-01	-2.097770e-01
3.020000e+00	9.925100e-02	-3.040610e-01	-9.740470e-02
3.040000e+00	-1.677900e-02	-3.309350e-01	-2.713750e-01
3.060000e+00	-8.402100e-02	-3.503660e-01	-3.331650e-01
3.080000e+00	-2.972900e-02	-3.062160e-01	-1.982990e-01
3.100000e+00	1.939900e-02	-2.701520e-01	-9.255670e-02
3.120000e+00	-1.220500e-02	-2.402900e-01	-1.351510e-01
3.140000e+00	-9.449980e-03	-2.878960e-01	-4.394310e-01
3.160000e+00	1.729800e-02	-3.612600e-01	-6.240710e-01
3.180000e+00	4.464600e-02	-4.111680e-01	-5.923030e-01
3.200000e+00	6.286680e-02	-3.638960e-01	-5.491110e-01
3.220000e+00	2.280880e-02	-2.622500e-01	-6.673470e-01
3.240000e+00	-1.104720e-02	-2.755340e-01	-7.368990e-01
3.260000e+00	1.224630e-03	-3.347880e-01	-8.925910e-01
3.280000e+00	-2.540940e-02	-4.094520e-01	-1.062740e+00
3.300000e+00	-4.329960e-02	-4.075090e-01	-1.155800e+00
3.320000e+00	1.745640e-02	-3.609770e-01	-1.226320e+00
3.340000e+00	9.744440e-02	-3.899310e-01	-1.289040e+00
3.360000e+00	1.559780e-01	-4.361770e-01	-1.439440e+00
3.380000e+00	1.505110e-01	-4.834230e-01	-1.215780e+00
3.400000e+00	5.432460e-02	-5.403350e-01	-6.669190e-01
3.420000e+00	-4.642740e-02	-5.838390e-01	-2.148990e-01
3.440000e+00	-4.893940e-02	-5.950430e-01	6.072130e-02
3.460000e+00	-2.667740e-02	-5.551350e-01	1.218070e-01
3.480000e+00	-2.827100e-02	-4.709610e-01	2.223710e-01
3.500000e+00	-5.139900e-02	-3.399170e-01	3.707810e-01
3.520000e+00	-3.540500e-02	-1.958850e-01	4.603290e-01
3.540000e+00	-4.827020e-02	-5.839520e-02	3.055190e-01
3.560000e+00	-5.915580e-02	-6.249300e-02	5.205920e-02
3.580000e+00	-5.903850e-03	-1.819430e-01	4.658850e-02
3.600000e+00	-1.811260e-02	-2.021530e-01	2.486880e-01
3.620000e+00	-2.389980e-02	-1.850400e-01	2.951620e-01
3.640000e+00	4.964020e-02	-1.231180e-01	2.583780e-01
3.660000e+00	1.546600e-01	-9.219580e-02	3.204900e-01
3.680000e+00	2.234760e-01	-6.099380e-02	3.272240e-01
3.700000e+00	2.967740e-01	-6.535300e-02	3.851420e-01
3.720000e+00	3.606660e-01	-1.557070e-01	4.911060e-01
3.740000e+00	3.468880e-01	-1.758370e-01	6.716100e-01
3.760000e+00	2.929240e-01	-1.840400e-01	9.365700e-01
3.780000e+00	2.114800e-01	-1.682690e-01	1.176630e+00
3.800000e+00	9.142980e-02	-1.762510e-01	1.100950e+00
3.820000e+00	-3.370420e-02	-2.285610e-01	6.831680e-01
3.840000e+00	-1.829960e-01	-2.487130e-01	2.156480e-01
3.860000e+00	-2.776940e-01	-1.604170e-01	4.836770e-02
3.880000e+00	-2.800380e-01	-8.803120e-02	1.518700e-01
3.900000e+00	-1.969300e-01	-1.493270e-01	1.060960e-01
3.920000e+00	-8.528360e-02	-1.793850e-01	8.897360e-02
3.940000e+00	-9.133180e-02	-1.327350e-01	4.045940e-01
3.960000e+00	-1.602200e-01	-8.700720e-02	9.178340e-01
3.980000e+00	-1.617890e-01	-6.991620e-02	1.154790e+00
4.000000e+00	-9.777870e-02	-1.167240e-01	1.248770e+00
4.020000e+00	4.467930e-02	-1.618720e-01	1.482510e+00
4.040000e+00	1.532970e-01	-1.734800e-01	1.637090e+00
4.060000e+00	6.038930e-02	-2.221320e-01	1.398910e+00
4.080000e+00	-1.687510e-01	-2.524520e-01	1.157270e+00
4.100000e+00	-3.364910e-01	-2.388260e-01	9.321520e-01
4.120000e+00	-3.925230e-01	-2.221980e-01	6.102120e-01
4.140000e+00	-3.273410e-01	-2.132950e-01	4.302420e-01
4.160000e+00	-2.845330e-01	-2.365510e-01	4.421260e-01
4.180000e+00	-3.785110e-01	-2.539640e-01	6.851860e-01
4.200000e+00	-4.203390e-01	-2.808840e-01	9.307060e-01
4.220000e+00	-4.595870e-01	-3.528520e-01	9.462460e-01
4.240000e+00	-4.808450e-01	-3.115320e-01	7.471480e-01
4.260000e+00	-3.923170e-01	-1.850580e-01	6.343580e-01
4.280000e+00	-1.949230e-01	3.784180e-02	4.528840e-01
4.300000e+00	5.657270e-03	2.913420e-01	2.036240e-01
4.320000e+00	1.092730e-01	4.623240e-01	1.801630e-02
4.340000e+00	1.315770e-01	6.441920e-01	-1.447970e-02
4.360000e+00	1.616230e-01	8.818520e-01	1.218660e-01
4.380000e+00	5.146230e-01	1.047830e+00	-1.491750e-03
4.400000e+00	1.026620e+00	1.092650e+00	-1.891760e-01
4.420000e+00	1.443760e+00	1.079160e+00	-2.146620e-01
4.440000e+00	1.478360e+00	1.108830e+00	-1.729500e-01
4.460000e+00	1.143340e+00	1.177730e+00	-5.023180e-02
4.480000e+00	7.277170e-01	1.298200e+00	2.114680e-01
4.500000e+00	4.580970e-01	1.426070e+00	4.502680e-01
4.520000e+00	5.797310e-01	1.314390e+00	5.946120e-01
4.540000e+00	8.234310e-01	1.115680e+00	7.822600e-01
4.560000e+00	9.296590e-01	1.019790e+00	1.007020e+00
4.580000e+00	7.576930e-01	1.143740e+00	9.084480e-01
4.600000e+00	4.657330e-01	1.405660e+00	4.431880e-01
4.620000e+00	2.685050e-01	1.630780e+00	1.058880e-01
4.640000e+00	8.548730e-02	1.731370e+00	3.109480e-01
4.660000e+00	-2.044730e-01	1.719810e+00	8.084080e-01
4.680000e+00	-3.745690e-01	1.734610e+00	9.430440e-01
4.700000e+00	-4.564910e-01	1.778830e+00	9.425920e-01
4.720000e+00	-4.441750e-01	1.722800e+00	8.928660e-01
4.740000e+00	-3.371010e-01	1.572060e+00	9.099790e-01
4.760000e+00	-3.956890e-01	1.449970e+00	7.272470e-01
4.780000e+00	-5.823990e-01	1.428100e+00	2.933270e-01
4.800000e+00	-6.664090e-01	1.464890e+00	-7.095340e-02
4.820000e+00	-4.474490e-01	1.358070e+00	-1.422930e-01
4.840000e+00	-9.892930e-02	1.224510e+00	1.985870e-01
4.860000e+00	2.510310e-01	1.123230e+00	4.652470e-01
4.880000e+00	5.323510e-01	9.368570e-01	7.359070e-01
4.900000e+00	7.809710e-01	7.664530e-01	1.071050e+00
4.920000e+00	1.091650e+00	6.709150e-01	1.083580e+00
4.940000e+00	1.524470e+00	6.232270e-01	8.055970e-01
4.960000e+00	1.897410e+00	4.908070e-01	5.358170e-01
4.980000e+00	2.081070e+00	1.189270e-01	2.527770e-01
5.000000e+00	2.044900e+00	-2.699730e-01	-4.804320e-02
5.020000e+00	2.043480e+00	-5.697530e-01	-5.021030e-01
5.040000e+00	2.306720e+00	-7.120090e-01	-7.188830e-01
5.060000e+00	2.803300e+00	-6.074130e-01	-6.758230e-01
5.080000e+00	3.020580e+00	-1.409930e-01	-3.893430e-01
5.100000e+00	2.654820e+00	6.747070e-01	-4.934320e-02
5.120000e+00	2.138440e+00	1.458790e+00	2.921770e-01
5.140000e+00	1.653620e+00	1.959730e+00	4.154250e-01
5.160000e+00	1.301580e+00	2.063970e+00	4.005640e-01
5.180000e+00	9.784600e-01	1.842810e+00	5.089380e-01
5.200000e+00	6.235600e-01	1.447090e+00	8.108780e-01
5.220000e+00	3.032400e-01	1.093230e+00	1.185380e+00
5.240000e+00	-1.061800e-01	9.353670e-01	1.204730e+00
5.260000e+00	-5.676200e-01	9.084830e-01	1.256180e+00
5.280000e+00	-7.193320e-01	8.021490e-01	1.179650e+00
5.300000e+00	-8.091640e-01	6.628130e-01	1.292060e+00
5.320000e+00	-9.238340e-01	5.300210e-01	1.517660e+00
5.340000e+00	-7.646940e-01	4.288470e-01	1.687830e+00
5.360000e+00	-4.842540e-01	1.944870e-01	1.517240e+00
5.380000e+00	-2.358340e-01	-9.532610e-03	1.246100e+00
5.400000e+00	-1.178420e-01	2.618870e-01	1.013200e+00
5.420000e+00	1.630980e-01	6.053870e-01	7.535600e-01
5.440000e+00	7.416180e-01	7.700770e-01	6.264020e-01
5.460000e+00	1.192920e+00	8.377450e-01	6.183960e-01
5.480000e+00	1.414240e+00	8.358110e-01	9.369760e-01
5.500000e+00	1.608500e+00	7.759790e-01	1.452800e+00
5.520000e+00	1.769330e+00	6.428410e-01	1.716740e+00
5.540000e+00	1.786980e+00	5.821270e-01	1.624540e+00
5.560000e+00	1.848480e+00	5.414650e-01	1.470240e+00
5.580000e+00	1.828240e+00	5.453490e-01	1.031160e+00
5.600000e+00	1.601620e+00	6.086310e-01	5.655960e-01
5.620000e+00	1.283600e+00	6.577230e-01	2.986360e-01
5.640000e+00	1.088890e+00	5.842790e-01	2.316200e-01
5.660000e+00	1.020200e+00	3.480990e-01	2.852180e-01
5.680000e+00	1.062590e+00	-3.046090e-02	2.261460e-01
5.700000e+00	1.097970e+00	-2.715010e-01	1.838820e-01
5.720000e+00	9.710770e-01	-3.081290e-01	1.850450e-01
5.740000e+00	6.780770e-01	-3.315290e-01	6.453070e-02
5.760000e+00	2.168970e-01	-3.629530e-01	-1.205450e-01
5.780000e+00	-1.493830e-01	-4.099090e-01	-2.201490e-01
5.800000e+00	-5.031630e-01	-2.203590e-01	-1.103650e-01
5.820000e+00	-1.031060e+00	-8.432090e-02	-6.506130e-02
5.840000e+00	-1.607980e+00	-1.735030e-01	4.746470e-02
5.860000e+00	-2.211720e+00	-2.683890e-01	-1.351930e-01
5.880000e+00	-2.259420e+00	-4.150690e-01	-3.230990e-01
5.900000e+00	-1.652480e+00	-5.943110e-01	-5.773930e-02
5.920000e+00	-1.220720e+00	-6.963450e-01	2.843810e-01
5.940000e+00	-1.069480e+00	-7.384830e-01	5.297610e-01
5.960000e+00	-1.132650e+00	-7.505630e-01	2.967610e-01
5.980000e+00	-1.338610e+00	-6.506130e-01	7.400700e-03
6.000000e+00	-1.726510e+00	-7.288130e-01	-2.149590e-01
6.020000e+00	-2.159990e+00	-9.586930e-01	-1.845350e-01
6.040000e+00	-2.502730e+00	-1.187830e+00	-1.610330e-02
6.060000e+00	-2.770410e+00	-1.603630e+00	-1.816790e-01
6.080000e+00	-2.713010e+00	-1.869830e+00	-5.128590e-01
6.100000e+00	-2.301370e+00	-1.665550e+00	-4.928650e-01
6.120000e+00	-1.753490e+00	-1.430790e+00	-2.259850e-01
6.140000e+00	-1.274010e+00	-1.701130e+00	-6.808550e-02
6.160000e+00	-7.868290e-01	-2.222810e+00	1.383340e-01
6.180000e+00	-1.341090e-01	-2.460870e+00	3.465140e-01
6.200000e+00	4.263310e-01	-2.500460e+00	5.465340e-01
6.220000e+00	2.630510e-01	-2.667590e+00	4.338290e-01
6.240000e+00	-2.740090e-01	-3.060610e+00	-8.243150e-02
6.260000e+00	-6.878890e-01	-3.568110e+00	-5.942110e-01
6.280000e+00	-9.392290e-01	-3.389590e+00	-9.220310e-01
6.300000e+00	-9.808250e-01	-2.763130e+00	-8.742090e-01
6.320000e+00	-9.100910e-01	-2.285770e+00	-5.009100e-01
6.340000e+00	-8.997930e-01	-1.930770e+00	5.111050e-02
6.360000e+00	-9.225170e-01	-1.708450e+00	6.707310e-01
6.380000e+00	-9.542470e-01	-1.480170e+00	9.594310e-01
6.400000e+00	-9.887990e-01	-1.302450e+00	8.102210e-01
6.420000e+00	-8.399590e-01	-1.155510e+00	4.340410e-01
6.440000e+00	-6.701250e-01	-8.342490e-01	2.133410e-01
6.460000e+00	-6.823630e-01	-3.247890e-01	4.088990e-01
6.480000e+00	-9.457830e-01	-3.194870e-02	4.917490e-01
6.500000e+00	-1.373340e+00	-4.845190e-02	2.600290e-01
6.520000e+00	-1.618540e+00	-3.852170e-02	-7.131470e-03
6.540000e+00	-1.565050e+00	2.121780e-01	-1.178450e-01
6.560000e+00	-1.408880e+00	6.942980e-01	-1.689610e-01
6.580000e+00	-1.303970e+00	1.377580e+00	-3.206990e-01
6.600000e+00	-1.315700e+00	1.775180e+00	-4.587930e-01
6.620000e+00	-1.417190e+00	1.745840e+00	1.116070e-01
6.640000e+00	-1.630390e+00	1.763200e+00	1.074430e+00
6.660000e+00	-1.870990e+00	1.960580e+00	1.318230e+00
6.680000e+00	-1.968220e+00	2.192460e+00	1.157230e+00
6.700000e+00	-1.798130e+00	2.077610e+00	1.108770e+00
6.720000e+00	-1.516810e+00	1.462250e+00	1.054640e+00
6.740000e+00	-1.308230e+00	8.034280e-01	7.426010e-01
6.760000e+00	-1.162180e+00	5.389880e-01	-1.154400e-01
6.780000e+00	-8.570770e-01	2.993880e-01	-9.181190e-01
6.800000e+00	-4.655570e-01	-4.197170e-02	-1.272420e+00
6.820000e+00	-4.839050e-01	2.108680e-01	-1.430730e+00
6.840000e+00	-7.705650e-01	8.450280e-01	-1.461910e+00
6.860000e+00	-1.013340e+00	1.293470e+00	-1.085510e+00
6.880000e+00	-1.357340e+00	1.426960e+00	-4.476130e-01
6.900000e+00	-1.710660e+00	1.393750e+00	-9.939350e-02
6.920000e+00	-2.021680e+00	1.499910e+00	9.975050e-02
6.940000e+00	-2.007880e+00	1.728230e+00	-5.055500e-03
6.960000e+00	-1.687680e+00	2.061910e+00	7.797450e-02
6.980000e+00	-1.255300e+00	2.362290e+00	3.696750e-01
7.000000e+00	-6.765240e-01	2.661590e+00	2.099810e-01
7.020000e+00	-2.773040e-01	2.971070e+00	-3.273590e-01
7.040000e+00	-1.460820e-01	2.892510e+00	-6.400600e-01
7.060000e+00	-7.484020e-02	2.475510e+00	-4.677160e-01
7.080000e+00	-7.100190e-03	1.714950e+00	-1.124960e-01
7.100000e+00	-1.632600e-01	7.239300e-01	2.149640e-01
7.120000e+00	-1.237220e-01	-2.673900e-01	6.008440e-01
7.140000e+00	2.534380e-01	-5.866700e-01	1.006120e+00
7.160000e+00	5.865580e-01	-3.728100e-01	1.087880e+00
7.180000e+00	4.289760e-01	-1.754970e-02	8.612420e-01
7.200000e+00	5.541640e-01	8.731630e-02	4.901420e-01
7.220000e+00	1.416300e+00	-4.126440e-01	2.038420e-01
7.240000e+00	2.350720e+00	-7.980240e-01	-1.179180e-01
7.260000e+00	2.625160e+00	-8.756400e-01	-1.862780e-01
7.280000e+00	2.292520e+00	-8.914570e-01	-7.776550e-02
7.300000e+00	1.944560e+00	-1.069750e+00	1.948140e-01
7.320000e+00	1.663780e+00	-1.243650e+00	6.527540e-01
7.340000e+00	1.751270e+00	-1.279190e+00	1.090170e+00
7.360000e+00	2.056250e+00	-1.142670e+00	1.254710e+00
7.380000e+00	1.661590e+00	-1.217830e+00	7.894140e-01
7.400000e+00	8.663100e-01	-1.688130e+00	1.547140e-01
7.420000e+00	3.311100e-01	-2.195230e+00	-7.714550e-02
7.440000e+00	-2.799900e-01	-2.188510e+00	-1.760520e-01
7.460000e+00	-1.074570e+00	-1.881710e+00	-9.043110e-01
7.480000e+00	-1.922930e+00	-1.901630e+00	-1.808070e+00
7.500000e+00	-2.496330e+00	-2.082650e+00	-1.877230e+00
7.520000e+00	-2.555850e+00	-2.112570e+00	-1.086470e+00
7.540000e+00	-2.187190e+00	-1.867330e+00	-5.379120e-01
7.560000e+00	-1.703310e+00	-1.654770e+00	-4.366680e-01
7.580000e+00	-1.241170e+00	-1.485360e+00	-3.622240e-01
7.600000e+00	-7.940680e-01	-1.303370e+00	9.489650e-02
7.620000e+00	-3.762280e-01	-1.651310e+00	4.580570e-01
7.640000e+00	-8.944820e-02	-2.067370e+00	-9.234350e-02
7.660000e+00	1.100460e-01	-2.002800e+00	-1.163940e+00
7.680000e+00	2.905100e-01	-1.674580e+00	-1.931220e+00
7.700000e+00	3.955840e-01	-1.298980e+00	-2.002510e+00
7.720000e+00	3.679360e-01	-1.264780e+00	-1.726970e+00
7.740000e+00	4.224980e-01	-2.013800e+00	-1.518570e+00
7.760000e+00	7.243980e-01	-2.968600e+00	-1.049570e+00
7.780000e+00	1.191160e+00	-3.382640e+00	-9.442750e-02
7.800000e+00	1.745600e+00	-3.266340e+00	6.733520e-01
7.820000e+00	1.956480e+00	-2.908160e+00	8.096750e-01
7.840000e+00	1.623800e+00	-2.306580e+00	5.428140e-01
7.860000e+00	1.029360e+00	-1.454820e+00	1.471540e-01
7.880000e+00	3.293980e-01	-8.529440e-01	-5.308860e-01
7.900000e+00	-1.725020e-01	-5.747640e-01	-1.229750e+00
7.920000e+00	-3.662580e-01	-3.856820e-01	-1.632470e+00
7.940000e+00	-4.064780e-01	-5.214240e-02	-1.444720e+00
7.960000e+00	-4.455160e-01	2.547180e-01	-9.847380e-01
7.980000e+00	-4.714260e-01	2.866620e-01	-5.539980e-01
8.000000e+00	-5.099840e-01	1.840580e-01	-1.470980e-01
8.020000e+00	-5.338120e-01	4.233380e-01	4.719020e-01
8.040000e+00	-5.969840e-01	1.068720e+00	1.262280e+00
8.060000e+00	-7.384860e-01	1.363940e+00	1.820960e+00
8.080000e+00	-8.303180e-01	1.190070e+00	1.846930e+00
8.100000e+00	-8.653780e-01	8.899720e-01	1.376890e+00
8.120000e+00	-3.338980e-01	6.843320e-01	1.112130e+00
8.140000e+00	6.168420e-01	5.877060e-01	1.036480e+00
8.160000e+00	1.267220e+00	3.802260e-01	1.079920e+00
8.180000e+00	1.267650e+00	2.459120e-01	9.114960e-01
8.200000e+00	9.772130e-01	2.919700e-01	4.895560e-01
8.220000e+00	8.592030e-01	3.120320e-01	6.361650e-02
8.240000e+00	1.266280e+00	4.016360e-01	-2.970550e-02
8.260000e+00	1.966900e+00	7.281560e-01	5.544650e-02
8.280000e+00	2.171840e+00	1.267960e+00	-4.593350e-02
8.300000e+00	1.827820e+00	1.178170e+00	-1.762720e-01
8.320000e+00	1.674450e+00	5.218340e-01	-3.191780e-01
8.340000e+00	1.831200e+00	6.977360e-02	-2.643750e-02
8.360000e+00	2.055040e+00	-1.264840e-01	4.501220e-01
8.380000e+00	2.179160e+00	-2.614040e-01	7.272420e-01
8.400000e+00	2.127940e+00	-5.967840e-01	6.589140e-01
8.420000e+00	1.789960e+00	-9.498640e-01	3.520540e-01
8.440000e+00	1.262800e+00	-1.015010e+00	-4.626550e-02
8.460000e+00	1.425560e+00	-8.890720e-01	-4.516260e-01
8.480000e+00	2.084960e+00	-7.631340e-01	-1.126210e+00
8.500000e+00	2.533040e+00	-9.737340e-01	-1.874110e+00
8.520000e+00	2.407120e+00	-1.272870e+00	-1.968410e+00
8.540000e+00	2.175680e+00	-1.521990e+00	-1.943200e+00
8.560000e+00	2.107600e+00	-1.885750e+00	-1.626380e+00
8.580000e+00	2.032150e+00	-2.128590e+00	-1.218020e+00
8.600000e+00	1.779870e+00	-2.161510e+00	-5.652200e-01
8.620000e+00	1.248390e+00	-1.985870e+00	2.247400e-01
8.640000e+00	5.464450e-01	-1.730250e+00	5.258800e-01
8.660000e+00	7.405310e-03	-1.634340e+00	3.737040e-01
8.680000e+00	1.269590e-01	-2.075060e+00	-1.224360e-01
8.700000e+00	5.300790e-01	-2.056180e+00	-6.056960e-01
8.720000e+00	6.895070e-01	-1.468640e+00	-1.297060e+00
8.740000e+00	4.970970e-01	-1.439030e+00	-1.937680e+00
8.760000e+00	2.924770e-01	-1.782330e+00	-2.219560e+00
8.780000e+00	2.852370e-01	-1.732430e+00	-1.936120e+00
8.800000e+00	3.833030e-01	-1.048750e+00	-1.189940e+00
8.820000e+00	4.435670e-01	-2.498070e-01	-6.001160e-01
8.840000e+00	3.693090e-01	2.521530e-01	-4.796700e-01
8.860000e+00	1.579490e-01	5.228130e-01	-3.126360e-01
8.880000e+00	-6.197070e-02	6.522810e-01	-1.011760e-01
8.900000e+00	4.983930e-02	4.213410e-01	-2.013420e-01
8.920000e+00	4.800390e-01	-1.670590e-01	-3.663680e-01
8.940000e+00	8.945590e-01	-7.464590e-01	-5.595720e-01
8.960000e+00	1.230720e+00	-1.052380e+00	-5.096440e-01
8.980000e+00	1.031970e+00	-8.164990e-01	-3.746380e-01
9.000000e+00	5.919870e-01	-2.506590e-01	-5.852180e-01
9.020000e+00	7.346810e-01	1.134810e-01	-9.338180e-01
9.040000e+00	9.795410e-01	3.213010e-01	-1.375480e+00
9.060000e+00	8.324190e-01	3.879750e-01	-1.532330e+00
9.080000e+00	6.967810e-01	5.641750e-01	-1.359580e+00
9.100000e+00	1.092860e+00	8.106950e-01	-1.222180e+00
9.120000e+00	1.465520e+00	1.165100e+00	-1.275640e+00
9.140000e+00	1.594090e+00	1.672720e+00	-1.435880e+00
9.160000e+00	1.542340e+00	2.404280e+00	-1.499360e+00
9.180000e+00	1.179420e+00	2.980440e+00	-1.964520e+00
9.200000e+00	6.914950e-01	2.624580e+00	-2.260520e+00
9.220000e+00	2.857150e-01	2.043840e+00	-2.047280e+00
9.240000e+00	-2.330650e-01	1.606300e+00	-1.863210e+00
9.260000e+00	-1.123640e+00	1.222820e+00	-1.615670e+00
9.280000e+00	-2.183220e+00	9.673150e-01	-8.906080e-01
9.300000e+00	-2.590320e+00	8.568090e-01	5.643240e-02
9.320000e+00	-2.106160e+00	5.655890e-01	3.457320e-01
9.340000e+00	-1.472620e+00	1.376690e-01	3.877240e-02
9.360000e+00	-1.065380e+00	-6.505060e-02	-3.298680e-01
9.380000e+00	-1.036430e+00	1.348050e-01	-4.660340e-01
9.400000e+00	-1.178590e+00	5.425250e-01	-5.789020e-01
9.420000e+00	-1.323510e+00	9.682850e-01	-7.847820e-01
9.440000e+00	-1.580910e+00	1.517990e+00	-1.132560e+00
9.460000e+00	-1.796850e+00	2.277390e+00	-1.472420e+00
9.480000e+00	-1.862140e+00	3.295470e+00	-1.535280e+00
9.500000e+00	-2.017370e+00	4.357170e+00	-1.511510e+00
9.520000e+00	-2.169080e+00	5.322930e+00	-1.461870e+00
9.540000e+00	-1.993750e+00	6.089810e+00	-1.416910e+00
9.560000e+00	-1.447570e+00	6.719370e+00	-1.303810e+00
9.580000e+00	-7.558510e-01	7.296750e+00	-9.712460e-01
9.600000e+00	8.064930e-02	7.593050e+00	-5.336460e-01
9.620000e+00	9.633290e-01	7.295370e+00	-1.872660e-01
9.640000e+00	1.617250e+00	6.452050e+00	-1.078080e-01
9.660000e+00	1.997310e+00	5.581030e+00	-2.039180e-01
9.680000e+00	1.865830e+00	5.189810e+00	-1.742700e-01
9.700000e+00	1.492430e+00	5.183190e+00	-5.968560e-02
9.720000e+00	1.042010e+00	5.295860e+00	-2.423820e-01
9.740000e+00	4.264690e-01	5.333780e+00	-5.893420e-01
9.760000e+00	-5.104110e-01	5.134540e+00	-8.370820e-01
9.780000e+00	-7.256510e-01	5.096510e+00	-9.225980e-01
9.800000e+00	2.462090e-01	5.679650e+00	-8.360640e-01
9.820000e+00	1.426790e+00	6.655770e+00	-7.148240e-01
9.840000e+00	1.981610e+00	7.673390e+00	-7.614060e-01
9.860000e+00	1.498470e+00	8.377150e+00	-9.333440e-01
9.880000e+00	5.241290e-01	8.564950e+00	-1.159100e+00
9.900000e+00	-9.137080e-02	8.517850e+00	-1.121710e+00
9.920000e+00	-1.058270e-01	8.646270e+00	-8.634720e-01
9.940000e+00	-6.030470e-01	9.193260e+00	-8.072600e-01
9.960000e+00	-1.543770e+00	9.433960e+00	-8.418020e-01
9.980000e+00	-2.400310e+00	9.017910e+00	-9.009800e-01
1.000000e+01	-2.145970e+00	7.792460e+00	-8.725420e-01
1.002000e+01	-3.661470e-01	5.832440e+00	-7.937500e-01
1.004000e+01	9.099730e-01	3.847100e+00	-6.911420e-01
1.006000e+01	5.003330e-01	2.196820e+00	-4.339620e-01
1.008000e+01	-7.067870e-01	1.123500e+00	1.499380e-01
1.010000e+01	-1.853970e+00	2.600950e-01	9.742980e-01
1.012000e+01	-1.882630e+00	-9.949650e-01	1.533140e+00
1.014000e+01	-5.439910e-01	-2.719860e+00	1.479970e+00
1.016000e+01	1.217290e+00	-4.567800e+00	1.035450e+00
1.018000e+01	2.381470e+00	-6.236060e+00	8.346740e-01
1.020000e+01	1.994310e+00	-7.479460e+00	1.073990e+00
1.022000e+01	6.002290e-01	-8.071540e+00	1.263880e+00
1.024000e+01	-1.096770e+00	-8.217770e+00	8.441020e-01
1.026000e+01	-1.903230e+00	-8.088800e+00	5.778230e-02
1.028000e+01	-1.852240e+00	-7.998070e+00	-3.303180e-01
1.030000e+01	-1.716300e+00	-7.737430e+00	-1.546720e-01
1.032000e+01	-1.317320e+00	-6.696710e+00	-1.738630e-01
1.034000e+01	-9.670610e-01	-5.112910e+00	-4.875030e-01
1.036000e+01	-7.605810e-01	-4.036850e+00	-7.984630e-01
1.038000e+01	-7.439280e-01	-3.376330e+00	-7.455670e-01
1.040000e+01	-8.756280e-01	-2.302610e+00	-4.430670e-01
1.042000e+01	-1.151370e+00	-9.248310e-01	-2.417670e-01
1.044000e+01	-1.399570e+00	-1.126510e-01	-2.960710e-02
1.046000e+01	-1.183550e+00	-2.275470e-02	3.734930e-01
1.048000e+01	-6.304280e-01	-3.061550e-01	1.095950e+00
1.050000e+01	-4.070280e-01	-1.053390e+00	1.471130e+00
1.052000e+01	-4.609980e-01	-1.769330e+00	1.393210e+00
1.054000e+01	-2.473380e-01	-2.287510e+00	1.273020e+00
1.056000e+01	1.966020e-01	-2.714250e+00	1.461900e+00
1.058000e+01	6.085820e-01	-3.073810e+00	1.736120e+00
1.060000e+01	6.370480e-01	-3.218880e+00	1.767640e+00
1.062000e+01	3.862280e-01	-3.208160e+00	1.521140e+00
1.064000e+01	4.526340e-01	-3.182400e+00	1.250940e+00
1.066000e+01	5.861840e-01	-2.981700e+00	1.073900e+00
1.068000e+01	6.547720e-01	-2.910100e+00	9.043590e-01
1.070000e+01	8.881120e-01	-2.829050e+00	7.619330e-01
1.072000e+01	9.408960e-01	-1.889890e+00	5.926710e-01
1.074000e+01	4.343160e-01	-4.973510e-01	4.183070e-01
1.076000e+01	-7.139640e-01	8.290890e-01	4.839330e-01
1.078000e+01	-1.663060e+00	2.091710e+00	7.772930e-01
1.080000e+01	-1.277740e+00	2.598570e+00	1.217990e+00
1.082000e+01	-3.940370e-02	1.942890e+00	1.675610e+00
1.084000e+01	1.255960e+00	1.169910e+00	1.994830e+00
1.086000e+01	1.932060e+00	4.066290e-01	2.222970e+00
1.088000e+01	1.422180e+00	-1.040530e+00	2.345810e+00
1.090000e+01	3.850960e-01	-2.558190e+00	2.398070e+00
1.092000e+01	-4.613640e-01	-3.690870e+00	2.398260e+00
1.094000e+01	-4.567140e-01	-4.575270e+00	2.470160e+00
1.096000e+01	1.264660e-01	-5.302950e+00	2.606840e+00
1.098000e+01	7.670260e-01	-5.828730e+00	2.538330e+00
1.100000e+01	1.318030e+00	-6.293490e+00	2.151290e+00
1.102000e+01	1.383560e+00	-6.530810e+00	1.482610e+00
1.104000e+01	6.477640e-01	-6.528660e+00	9.085140e-01
1.106000e+01	7.340380e-02	-6.585320e+00	5.891140e-01
1.108000e+01	3.482840e-01	-6.449800e+00	4.953780e-01
1.110000e+01	1.623680e-01	-6.070100e+00	6.803200e-01
1.112000e+01	-6.889120e-01	-5.907680e+00	6.945800e-01
1.114000e+01	-1.511930e+00	-6.105870e+00	5.592280e-01
1.116000e+01	-2.120730e+00	-6.185570e+00	4.586800e-01
1.118000e+01	-1.907690e+00	-5.881370e+00	4.809100e-01
1.120000e+01	-8.298720e-01	-5.342970e+00	6.287800e-01
1.122000e+01	5.287680e-01	-4.763710e+00	8.454800e-01
1.124000e+01	1.317090e+00	-4.206850e+00	7.701600e-01
1.126000e+01	1.461720e+00	-3.536910e+00	3.498000e-01
1.128000e+01	1.682960e+00	-2.789370e+00	1.352600e-01
1.130000e+01	1.856950e+00	-2.063830e+00	1.190790e-01
1.132000e+01	1.908440e+00	-1.629250e+00	1.054630e-01
1.134000e+01	1.802640e+00	-1.593190e+00	-9.473730e-02
1.136000e+01	1.540020e+00	-1.807910e+00	-2.312270e-01
1.138000e+01	1.002220e+00	-2.141070e+00	-1.153170e-01
1.140000e+01	8.031580e-02	-2.241850e+00	-7.306930e-02
1.142000e+01	-7.872440e-01	-2.140640e+00	-2.465330e-01
1.144000e+01	-7.277380e-01	-1.929040e+00	-2.372660e-01
1.146000e+01	1.613620e-01	-1.549920e+00	1.531140e-01
1.148000e+01	5.626020e-01	-1.090020e+00	5.259540e-01
1.150000e+01	-1.228380e-01	-6.525420e-01	6.428620e-01
1.152000e+01	-1.249940e+00	-2.459420e-01	5.620680e-01
1.154000e+01	-2.051760e+00	2.642780e-01	7.131580e-01
1.156000e+01	-2.144280e+00	8.549580e-01	9.547980e-01
1.158000e+01	-1.533360e+00	1.271580e+00	1.091570e+00
1.160000e+01	-8.411200e-01	1.659560e+00	1.125170e+00
1.162000e+01	-5.906000e-01	2.251980e+00	1.102170e+00
1.164000e+01	-4.555120e-01	2.812480e+00	9.809200e-01
1.166000e+01	-3.343920e-01	3.119580e+00	8.172500e-01
1.168000e+01	-1.850940e-01	3.023310e+00	6.570840e-01
1.170000e+01	1.107660e-01	2.627210e+00	5.662220e-01
1.172000e+01	1.880620e-01	2.500150e+00	7.697620e-01
1.174000e+01	-7.999810e-02	3.182350e+00	9.065880e-01
1.176000e+01	-2.051920e-01	4.094790e+00	7.550380e-01
1.178000e+01	7.887910e-03	4.819650e+00	3.622180e-01
1.180000e+01	3.500080e-01	5.104850e+00	4.555770e-02
1.182000e+01	7.049680e-01	4.394010e+00	1.410220e-01
1.184000e+01	9.610080e-01	3.046030e+00	3.747220e-01
1.186000e+01	1.217010e+00	1.808310e+00	4.992320e-01
1.188000e+01	1.299640e+00	1.182210e+00	5.944860e-01
1.190000e+01	8.329560e-01	7.701260e-01	7.279060e-01
1.192000e+01	-2.171440e-01	5.891260e-01	7.937080e-01
1.194000e+01	-1.420100e+00	6.643260e-01	5.018880e-01
1.196000e+01	-2.541200e+00	7.777080e-01	2.403880e-01
1.198000e+01	-3.420460e+00	9.557520e-01	4.508480e-01
1.200000e+01	-3.952860e+00	1.316910e+00	6.407360e-01
1.202000e+01	-4.057720e+00	1.949070e+00	5.310620e-01
1.204000e+01	-3.938060e+00	2.654670e+00	1.779420e-01
1.206000e+01	-3.917860e+00	3.213350e+00	-1.597780e-01
1.208000e+01	-3.988880e+00	3.668570e+00	-7.003380e-01
1.210000e+01	-4.102220e+00	4.572090e+00	-1.391440e+00
1.212000e+01	-3.902890e+00	6.006510e+00	-1.927980e+00
1.214000e+01	-3.410410e+00	7.364430e+00	-2.028020e+00
1.216000e+01	-2.794430e+00	8.342730e+00	-1.740880e+00
1.218000e+01	-2.031350e+00	9.102790e+00	-1.632830e+00
1.220000e+01	-1.172850e+00	9.789150e+00	-1.362090e+00
1.222000e+01	-2.683720e-01	9.891280e+00	-6.936540e-01
1.224000e+01	6.717880e-01	9.141600e+00	1.201460e-01
1.226000e+01	1.635930e+00	7.952240e+00	6.738660e-01
1.228000e+01	2.675790e+00	6.598140e+00	8.329060e-01
1.230000e+01	3.505410e+00	5.233960e+00	8.127960e-01
1.232000e+01	3.891030e+00	3.993280e+00	7.205820e-01
1.234000e+01	3.854580e+00	2.788840e+00	6.089980e-01
1.236000e+01	3.151500e+00	1.541380e+00	5.007980e-01
1.238000e+01	2.445580e+00	2.212640e-01	4.194360e-01
1.240000e+01	2.197440e+00	-1.116060e+00	3.399380e-01
1.242000e+01	2.190810e+00	-2.370840e+00	1.232580e-01
1.244000e+01	2.313850e+00	-3.199160e+00	8.358370e-02
1.246000e+01	2.818170e+00	-3.304350e+00	4.050640e-01
1.248000e+01	3.206570e+00	-2.886010e+00	8.098440e-01
1.250000e+01	2.402470e+00	-2.009910e+00	1.179560e+00
1.252000e+01	1.061150e+00	-1.059390e+00	1.295060e+00
1.254000e+01	-1.645500e-01	-4.238680e-01	1.177460e+00
1.256000e+01	-5.138300e-01	-2.873340e-01	1.037120e+00
1.258000e+01	-3.415620e-01	-3.344780e-01	7.557180e-01
1.260000e+01	-2.296100e-01	-2.203240e-01	5.422580e-01
1.262000e+01	-1.551580e-01	-6.614430e-02	4.748480e-01
1.264000e+01	-3.137500e-01	1.699560e-01	4.692390e-01
1.266000e+01	-5.982700e-01	7.818960e-01	2.548190e-01
1.268000e+01	-8.310100e-01	1.614180e+00	1.187930e-02
1.270000e+01	-9.099580e-01	2.025300e+00	-7.621870e-02
1.272000e+01	-7.556640e-01	2.151760e+00	1.451530e-02
1.274000e+01	2.730960e-01	2.374740e+00	4.053750e-01
1.276000e+01	1.653500e+00	2.805800e+00	7.405950e-01
1.278000e+01	1.900500e+00	3.285660e+00	9.139750e-01
1.280000e+01	1.110760e+00	3.512080e+00	7.483470e-01
1.282000e+01	3.015360e-01	3.600810e+00	4.963470e-01
1.284000e+01	3.759630e-02	3.566260e+00	2.769270e-01
1.286000e+01	1.715830e-02	2.882900e+00	-2.481270e-02
1.288000e+01	-2.075220e-01	1.571860e+00	-3.526730e-01
1.290000e+01	-6.616820e-01	2.579760e-02	-7.014930e-01
1.292000e+01	-1.347340e+00	-1.433540e+00	-8.888910e-01
1.294000e+01	-2.186700e+00	-2.637120e+00	-6.257510e-01
1.296000e+01	-2.981460e+00	-3.667260e+00	9.306040e-06
1.298000e+01	-3.439700e+00	-4.590820e+00	6.110890e-01
1.300000e+01	-3.555840e+00	-4.908600e+00	1.004110e+00
1.302000e+01	-3.415750e+00	-4.729990e+00	1.185880e+00
1.304000e+01	-3.121530e+00	-4.566020e+00	1.180730e+00
1.306000e+01	-2.713110e+00	-4.244320e+00	6.616940e-01
1.308000e+01	-2.124390e+00	-3.865700e+00	-7.952550e-02
1.310000e+01	-1.358890e+00	-3.416220e+00	-6.383860e-01
1.312000e+01	-1.081310e+00	-3.150560e+00	-1.044570e+00
1.314000e+01	-1.273910e+00	-3.173130e+00	-1.408670e+00
1.316000e+01	-1.190540e+00	-3.172930e+00	-1.738350e+00
1.318000e+01	-5.630180e-01	-3.050370e+00	-1.977550e+00
1.320000e+01	2.717220e-01	-2.843010e+00	-2.149350e+00
1.322000e+01	1.084440e+00	-2.508490e+00	-2.114400e+00
1.324000e+01	1.879760e+00	-2.382790e+00	-1.913640e+00
1.326000e+01	2.322920e+00	-2.949210e+00	-1.680640e+00
1.328000e+01	2.333020e+00	-3.900210e+00	-1.597630e+00
1.330000e+01	2.204090e+00	-4.707430e+00	-1.642040e+00
1.332000e+01	2.037740e+00	-4.888630e+00	-1.751310e+00
1.334000e+01	1.768600e+00	-4.474810e+00	-1.815670e+00
1.336000e+01	1.059840e+00	-3.709470e+00	-1.808300e+00
1.338000e+01	8.778550e-03	-2.900410e+00	-1.695770e+00
1.340000e+01	-1.066940e+00	-2.582910e+00	-1.560820e+00
1.342000e+01	-1.940780e+00	-2.784970e+00	-1.531400e+00
1.344000e+01	-1.911890e+00	-2.664710e+00	-1.483100e+00
1.346000e+01	-1.694770e+00	-1.563210e+00	-1.321450e+00
1.348000e+01	-1.830510e+00	-1.226260e-01	-1.117830e+00
1.350000e+01	-2.066430e+00	1.088430e+00	-9.211900e-01
1.352000e+01	-1.893680e+00	2.013690e+00	-6.607700e-01
1.354000e+01	-1.237760e+00	2.753570e+00	-4.322700e-01
1.356000e+01	-5.592990e-01	3.559250e+00	-3.260620e-01
1.358000e+01	1.478810e-01	4.505850e+00	-4.804340e-01
1.360000e+01	7.782810e-01	5.556370e+00	-8.250340e-01
1.362000e+01	1.309240e+00	5.966770e+00	-9.231520e-01
1.364000e+01	1.859620e+00	5.536370e+00	-6.066720e-01
1.366000e+01	2.386320e+00	4.905570e+00	-2.034520e-01
1.368000e+01	2.793520e+00	4.246610e+00	-2.832990e-02
1.370000e+01	3.012300e+00	3.792110e+00	1.008640e-01
1.372000e+01	3.111280e+00	3.475410e+00	2.502920e-01
1.374000e+01	3.021770e+00	3.065710e+00	3.428880e-01
1.376000e+01	2.489570e+00	2.375670e+00	3.990440e-01
1.378000e+01	1.822410e+00	1.568730e+00	2.716260e-01
1.380000e+01	1.387370e+00	8.242740e-01	8.173210e-02
1.382000e+01	1.248040e+00	2.162740e-01	-1.178100e-01
1.384000e+01	1.280750e+00	-1.319660e-01	-3.224900e-01
1.386000e+01	1.308670e+00	-3.181260e-01	-7.321700e-01
1.388000e+01	1.153390e+00	-3.492700e-01	-1.390190e+00
1.390000e+01	7.965330e-01	-2.750880e-01	-1.907250e+00
1.392000e+01	4.329520e-01	-2.227380e-01	-1.932480e+00
1.394000e+01	6.071930e-01	-2.275440e-01	-1.656640e+00
1.396000e+01	1.432170e+00	-1.285080e-01	-1.336340e+00
1.398000e+01	2.092590e+00	3.435920e-01	-1.027320e+00
1.400000e+01	2.121900e+00	1.018750e+00	-6.752040e-01
1.402000e+01	1.922320e+00	1.247430e+00	-2.314840e-01
1.404000e+01	1.761670e+00	1.225880e+00	1.182560e-01
1.406000e+01	1.601670e+00	1.347040e+00	7.515410e-02
1.408000e+01	1.494330e+00	1.434150e+00	-2.184060e-01
1.410000e+01	1.409790e+00	1.307040e+00	-4.527460e-01
1.412000e+01	1.287120e+00	1.021740e+00	-6.535660e-01
1.414000e+01	1.193010e+00	6.586980e-01	-7.848020e-01
1.416000e+01	8.365060e-01	3.561980e-01	-7.265600e-01
1.418000e+01	2.460860e-01	2.472300e-01	-5.850840e-01
1.420000e+01	-2.697330e-01	2.129460e-01	-4.280960e-01
1.422000e+01	-7.565730e-01	4.587860e-01	-2.713860e-01
1.424000e+01	-1.361610e+00	9.367260e-01	-2.303040e-01
1.426000e+01	-1.992170e+00	1.519090e+00	-2.755540e-01
1.428000e+01	-2.414250e+00	2.028190e+00	-4.436000e-01
1.430000e+01	-2.516470e+00	2.102740e+00	-6.624800e-01
1.432000e+01	-2.473680e+00	1.952430e+00	-9.851600e-01
1.434000e+01	-2.516760e+00	1.706630e+00	-1.346760e+00
1.436000e+01	-2.811580e+00	1.255990e+00	-1.579860e+00
1.438000e+01	-3.319160e+00	6.670540e-01	-1.460730e+00
1.440000e+01	-3.308830e+00	1.846540e-01	-1.135570e+00
1.442000e+01	-2.905310e+00	-1.255260e-01	-8.746680e-01
1.444000e+01	-2.514670e+00	-4.843460e-01	-6.112080e-01
1.446000e+01	-2.094010e+00	-9.274260e-01	-3.258480e-01
1.448000e+01	-1.677450e+00	-1.423890e+00	-1.016680e-01
1.450000e+01	-1.232170e+00	-2.037650e+00	-1.090000e-02
1.452000e+01	-7.479890e-01	-2.757050e+00	2.575600e-02
1.454000e+01	-2.709490e-01	-3.337090e+00	7.399610e-03
1.456000e+01	1.451510e-01	-3.604670e+00	-7.877840e-02
1.458000e+01	6.745910e-01	-3.759540e+00	-2.211300e-01
1.460000e+01	1.115810e+00	-4.000640e+00	-3.694860e-01
1.462000e+01	1.104970e+00	-4.241040e+00	-3.523000e-01
1.464000e+01	7.845100e-01	-4.422560e+00	-1.999680e-01
1.466000e+01	4.594300e-01	-4.318780e+00	8.369200e-02
1.468000e+01	1.806700e-01	-3.713740e+00	6.138520e-01
1.470000e+01	-1.648700e-01	-2.951620e+00	1.088430e+00
1.472000e+01	-4.221100e-01	-2.358220e+00	1.239080e+00
1.474000e+01	-6.079060e-01	-2.012140e+00	1.113410e+00
1.476000e+01	-7.871780e-01	-1.875950e+00	8.372100e-01
1.478000e+01	-9.205400e-01	-1.671990e+00	5.860700e-01
1.480000e+01	-1.022400e+00	-1.402930e+00	4.898600e-01
1.482000e+01	-9.860020e-01	-1.318750e+00	5.012970e-01
1.484000e+01	-7.517820e-01	-1.318840e+00	6.492610e-01
1.486000e+01	-4.273220e-01	-1.379850e+00	7.924850e-01
1.488000e+01	-1.906020e-01	-1.478150e+00	8.083110e-01
1.490000e+01	-6.597830e-02	-1.431350e+00	8.031840e-01
1.492000e+01	1.525770e-02	-1.182310e+00	7.312780e-01
1.494000e+01	2.321380e-01	-8.739750e-01	6.518680e-01
1.496000e+01	5.685380e-01	-6.129350e-01	5.444020e-01
1.498000e+01	1.001240e+00	-4.078550e-01	4.107200e-01
1.500000e+01	1.263620e+00	-1.575750e-01	2.660700e-01
1.502000e+01	1.076000e+00	2.722450e-01	2.227840e-01
1.504000e+01	6.151380e-01	7.442050e-01	2.579680e-01
1.506000e+01	3.545770e-02	1.147510e+00	2.388200e-01
1.508000e+01	-6.173220e-01	1.591930e+00	1.595140e-01
1.510000e+01	-9.221020e-01	2.178250e+00	2.350840e-01
1.512000e+01	-8.182320e-01	2.655150e+00	5.015840e-01
1.514000e+01	-7.956080e-01	2.894510e+00	7.153840e-01
1.516000e+01	-1.007650e+00	3.012660e+00	7.347080e-01
1.518000e+01	-9.991010e-01	3.070930e+00	5.923100e-01
1.520000e+01	-9.960090e-02	3.051200e+00	5.659240e-01
1.522000e+01	1.106800e+00	2.877950e+00	6.826880e-01
1.524000e+01	2.014640e+00	2.614890e+00	7.180860e-01
1.526000e+01	2.566460e+00	2.306950e+00	6.057100e-01
1.528000e+01	2.711740e+00	1.800310e+00	5.879540e-01
1.530000e+01	2.461940e+00	1.023870e+00	6.670200e-01
1.532000e+01	1.882000e+00	2.521520e-01	6.135680e-01
1.534000e+01	1.087880e+00	-3.428280e-01	2.106280e-01
1.536000e+01	3.785370e-01	-7.633280e-01	-3.308520e-01
1.538000e+01	1.228970e-01	-9.355240e-01	-7.321320e-01
1.540000e+01	-1.815290e-02	-8.741360e-01	-9.615720e-01
1.542000e+01	-2.648930e-01	-5.800360e-01	-9.764430e-01
1.544000e+01	-3.787270e-01	4.000360e-02	-9.176670e-01
1.546000e+01	-1.284670e-01	8.244240e-01	-8.426990e-01
1.548000e+01	2.337130e-01	1.559820e+00	-7.356710e-01
1.550000e+01	4.080630e-01	2.443700e+00	-7.263010e-01
1.552000e+01	3.382230e-01	3.501140e+00	-8.321430e-01
1.554000e+01	2.173710e-01	4.442900e+00	-9.342030e-01
1.556000e+01	3.142930e-01	4.638780e+00	-8.879710e-01
1.558000e+01	4.867830e-01	4.152400e+00	-8.304490e-01
1.560000e+01	4.670560e-01	3.329020e+00	-8.787330e-01
1.562000e+01	3.389220e-01	2.236960e+00	-9.666610e-01
1.564000e+01	2.699840e-01	1.209600e+00	-1.006640e+00
1.566000e+01	1.736900e-01	4.183380e-01	-9.697490e-01
1.568000e+01	3.715000e-02	-2.970020e-01	-9.107650e-01
1.570000e+01	-1.815900e-01	-1.030740e+00	-7.640050e-01
1.572000e+01	-4.724900e-01	-1.637120e+00	-6.161030e-01
1.574000e+01	-8.026900e-01	-2.116180e+00	-4.748050e-01
1.576000e+01	-1.124230e+00	-2.474120e+00	-2.734450e-01
1.578000e+01	-1.151760e+00	-2.744080e+00	-3.188540e-02
1.580000e+01	-8.660040e-01	-2.993720e+00	2.643550e-01
1.582000e+01	-4.168440e-01	-3.169470e+00	5.752550e-01
1.584000e+01	3.094960e-01	-3.109570e+00	8.837350e-01
1.586000e+01	1.191900e+00	-2.842750e+00	1.130590e+00
1.588000e+01	1.962500e+00	-2.591470e+00	1.304220e+00
1.590000e+01	2.571520e+00	-2.479260e+00	1.392490e+00
1.592000e+01	2.867480e+00	-2.320990e+00	1.454690e+00
1.594000e+01	2.792370e+00	-1.940350e+00	1.487950e+00
1.596000e+01	2.487330e+00	-1.486350e+00	1.285670e+00
1.598000e+01	2.144910e+00	-1.172990e+00	9.354950e-01
1.600000e+01	1.903770e+00	-1.253520e+00	5.957550e-01
1.602000e+01	1.585850e+00	-1.746420e+00	2.812950e-01
1.604000e+01	1.139310e+00	-2.373620e+00	1.861460e-02
1.606000e+01	6.768880e-01	-2.970600e+00	-1.426650e-01
1.608000e+01	3.143280e-01	-3.586640e+00	-1.862330e-01
1.610000e+01	3.492800e-02	-4.226580e+00	-2.042040e-01
1.612000e+01	-2.672720e-01	-5.004400e+00	-2.407460e-01
1.614000e+01	-6.733520e-01	-5.977040e+00	-2.238540e-01
1.616000e+01	-1.178290e+00	-7.058960e+00	-1.332360e-01
1.618000e+01	-1.802790e+00	-8.127960e+00	-8.828580e-02
1.620000e+01	-2.289110e+00	-8.989620e+00	-9.432740e-02
1.622000e+01	-2.450360e+00	-9.561180e+00	3.169260e-02
1.624000e+01	-2.453670e+00	-9.844120e+00	3.140130e-01
1.626000e+01	-2.390690e+00	-1.001320e+01	6.584130e-01
1.628000e+01	-2.411660e+00	-1.012300e+01	9.141930e-01
1.630000e+01	-2.617880e+00	-1.020390e+01	9.961110e-01
1.632000e+01	-2.713130e+00	-1.020440e+01	1.028480e+00
1.634000e+01	-2.375290e+00	-9.857490e+00	1.243540e+00
1.636000e+01	-1.809250e+00	-9.048770e+00	1.593720e+00
1.638000e+01	-1.079550e+00	-7.949230e+00	1.868780e+00
1.640000e+01	-2.041700e-01	-6.780450e+00	1.996510e+00
1.642000e+01	8.106900e-01	-5.636690e+00	2.002440e+00
1.644000e+01	1.791110e+00	-4.623730e+00	1.931770e+00
1.646000e+01	2.419070e+00	-3.824070e+00	1.641130e+00
1.648000e+01	2.681970e+00	-3.135230e+00	1.176770e+00
1.650000e+01	2.631170e+00	-2.517230e+00	7.147120e-01
1.652000e+01	2.346790e+00	-2.230330e+00	4.073520e-01
1.654000e+01	1.915430e+00	-2.100350e+00	2.150200e-01
1.656000e+01	1.458930e+00	-1.789470e+00	5.098560e-02
1.658000e+01	1.028810e+00	-1.297250e+00	-3.600410e-03
1.660000e+01	6.660120e-01	-6.471080e-01	-3.589240e-02
1.662000e+01	4.232720e-01	9.669230e-02	1.388560e-02
1.664000e+01	4.896780e-01	8.396920e-01	1.685500e-01
1.666000e+01	7.833780e-01	1.587230e+00	3.785500e-01
1.668000e+01	1.116840e+00	2.495890e+00	5.630740e-01
1.670000e+01	1.445360e+00	3.620930e+00	7.806940e-01
1.672000e+01	1.727880e+00	4.797550e+00	1.094670e+00
1.674000e+01	2.011500e+00	5.813890e+00	1.435350e+00
1.676000e+01	2.373080e+00	6.593310e+00	1.748330e+00
1.678000e+01	2.787760e+00	7.060370e+00	2.026710e+00
1.680000e+01	2.938510e+00	7.371090e+00	2.215370e+00
1.682000e+01	2.917770e+00	7.780530e+00	2.143300e+00
1.684000e+01	2.932220e+00	8.371050e+00	1.892480e+00
1.686000e+01	3.068140e+00	8.992750e+00	1.557580e+00
1.688000e+01	3.142030e+00	9.435870e+00	1.273760e+00
1.690000e+01	2.972460e+00	9.516110e+00	1.020680e+00
1.692000e+01	2.605300e+00	9.190610e+00	7.079960e-01
1.694000e+01	2.082920e+00	8.544270e+00	4.288760e-01
1.696000e+01	1.542420e+00	7.632330e+00	3.468940e-01
1.698000e+01	9.929040e-01	6.581270e+00	4.007360e-01
1.700000e+01	5.053640e-01	5.441750e+00	4.597220e-01
1.702000e+01	1.639840e-01	4.269710e+00	4.452840e-01
1.704000e+01	-2.790010e-02	3.132870e+00	3.836160e-01
1.706000e+01	-1.788360e-01	2.123930e+00	3.141240e-01
1.708000e+01	-3.972360e-01	1.333350e+00	2.188160e-01
1.710000e+01	-6.737760e-01	7.121340e-01	9.533000e-02
1.712000e+01	-9.041160e-01	2.770740e-01	-1.782040e-03
1.714000e+01	-1.008470e+00	1.431100e-01	1.124160e-01
1.716000e+01	-6.385460e-01	4.803300e-01	3.241360e-01
1.718000e+01	3.281390e-02	1.259510e+00	5.179060e-01
1.720000e+01	6.177540e-01	2.125550e+00	6.432140e-01
1.722000e+01	8.106040e-01	2.773550e+00	8.118680e-01
1.724000e+01	4.944240e-01	2.978110e+00	1.026930e+00
1.726000e+01	7.022390e-02	2.878270e+00	1.090300e+00
1.728000e+01	-2.812960e-01	2.615210e+00	1.029550e+00
1.730000e+01	-5.206360e-01	2.254230e+00	9.806140e-01
1.732000e+01	-7.027460e-01	1.954970e+00	9.725200e-01
1.734000e+01	-7.785300e-01	1.850660e+00	8.482740e-01
1.736000e+01	-7.597140e-01	1.839010e+00	6.147540e-01
1.738000e+01	-7.204450e-01	1.768860e+00	4.315480e-01
1.740000e+01	-8.084120e-01	1.724730e+00	3.485240e-01
1.742000e+01	-9.957820e-01	1.723350e+00	2.946780e-01
1.744000e+01	-1.197260e+00	1.773040e+00	2.079920e-01
1.746000e+01	-1.394760e+00	1.851390e+00	1.374360e-01
1.748000e+01	-1.504240e+00	1.888510e+00	1.153500e-01
1.750000e+01	-1.627790e+00	1.923620e+00	1.019290e-01
1.752000e+01	-1.943490e+00	1.872010e+00	1.492320e-02
1.754000e+01	-2.385350e+00	1.843880e+00	-1.342230e-01
1.756000e+01	-2.763510e+00	2.049700e+00	-3.185710e-01
1.758000e+01	-2.643150e+00	2.473100e+00	-4.952970e-01
1.760000e+01	-2.068890e+00	3.030280e+00	-6.330790e-01
1.762000e+01	-1.505790e+00	3.636340e+00	-8.509790e-01
1.764000e+01	-1.119030e+00	4.162660e+00	-1.066280e+00
1.766000e+01	-8.521720e-01	4.538480e+00	-1.221590e+00
1.768000e+01	-5.590730e-01	4.632760e+00	-1.286970e+00
1.770000e+01	-2.114530e-01	4.307860e+00	-1.311030e+00
1.772000e+01	2.630270e-01	3.669440e+00	-1.275820e+00
1.774000e+01	8.858870e-01	2.821080e+00	-1.151070e+00
1.776000e+01	1.589510e+00	1.961740e+00	-9.935290e-01
1.778000e+01	2.236510e+00	1.150200e+00	-8.273250e-01
1.780000e+01	2.849990e+00	3.086180e-01	-7.259610e-01
1.782000e+01	3.432930e+00	-4.106420e-01	-6.382870e-01
1.784000e+01	3.814710e+00	-9.385220e-01	-5.780290e-01
1.786000e+01	3.904230e+00	-1.408700e+00	-5.628600e-01
1.788000e+01	3.866950e+00	-1.879420e+00	-6.296440e-01
1.790000e+01	3.861990e+00	-2.422300e+00	-6.237240e-01
1.792000e+01	3.864570e+00	-2.987420e+00	-3.893040e-01
1.794000e+01	3.766380e+00	-3.511640e+00	-1.139440e-01
1.796000e+01	3.493660e+00	-4.102940e+00	3.006240e-02
1.798000e+01	2.784740e+00	-4.784860e+00	6.474040e-02
1.800000e+01	1.618360e+00	-5.435300e+00	7.540360e-02
1.802000e+01	2.690970e-01	-5.951560e+00	1.231960e-02
1.804000e+01	-1.009180e+00	-6.316960e+00	-1.798040e-01
1.806000e+01	-2.036980e+00	-6.520980e+00	-4.177440e-01
1.808000e+01	-2.863400e+00	-6.434970e+00	-5.905400e-01
1.810000e+01	-3.557580e+00	-6.064650e+00	-7.248720e-01
1.812000e+01	-4.181600e+00	-5.554970e+00	-8.464360e-01
1.814000e+01	-4.787580e+00	-4.895670e+00	-9.747060e-01
1.816000e+01	-5.490140e+00	-4.018910e+00	-1.134460e+00
1.818000e+01	-6.120060e+00	-3.113330e+00	-1.228170e+00
1.820000e+01	-6.467840e+00	-2.401770e+00	-1.177150e+00
1.822000e+01	-6.582640e+00	-1.922190e+00	-1.052260e+00
1.824000e+01	-6.630670e+00	-1.529150e+00	-8.902160e-01
1.826000e+01	-6.781230e+00	-1.185850e+00	-7.840240e-01
1.828000e+01	-7.010970e+00	-9.057320e-01	-7.986870e-01
1.830000e+01	-7.183920e+00	-6.075920e-01	-9.115710e-01
1.832000e+01	-7.018700e+00	-1.753920e-01	-1.119270e+00
1.834000e+01	-6.475040e+00	3.568880e-01	-1.282670e+00
1.836000e+01	-5.774180e+00	8.827080e-01	-1.318390e+00
1.838000e+01	-5.029400e+00	1.340830e+00	-1.226760e+00
1.840000e+01	-4.313880e+00	1.603650e+00	-1.111640e+00
1.842000e+01	-3.545040e+00	1.744610e+00	-9.648150e-01
1.844000e+01	-2.710600e+00	1.723390e+00	-7.476350e-01
1.846000e+01	-1.856400e+00	1.444130e+00	-6.352230e-01
1.848000e+01	-1.119380e+00	8.945060e-01	-7.849150e-01
1.850000e+01	-6.563810e-01	2.874260e-01	-1.080670e+00
1.852000e+01	-7.457530e-01	-1.680140e-01	-1.341230e+00
1.854000e+01	-1.481270e+00	-3.838140e-01	-1.580710e+00
1.856000e+01	-2.479670e+00	-3.119420e-01	-1.797970e+00
1.858000e+01	-3.424650e+00	-1.510300e-01	-1.956920e+00
1.860000e+01	-4.212190e+00	-3.646580e-02	-1.917850e+00
1.862000e+01	-4.526270e+00	-3.869850e-03	-1.677810e+00
1.864000e+01	-4.366030e+00	-6.811190e-02	-1.387750e+00
1.866000e+01	-4.049870e+00	-2.036380e-01	-1.105870e+00
1.868000e+01	-3.565590e+00	-3.798680e-01	-8.759310e-01
1.870000e+01	-2.920870e+00	-5.745100e-01	-7.165830e-01
1.872000e+01	-2.135970e+00	-7.664900e-01	-6.421690e-01
1.874000e+01	-1.365350e+00	-1.045430e+00	-6.547690e-01
1.876000e+01	-1.046970e+00	-1.393530e+00	-6.514610e-01
1.878000e+01	-1.217740e+00	-1.738610e+00	-6.933410e-01
1.880000e+01	-1.414750e+00	-1.977370e+00	-7.925590e-01
1.882000e+01	-1.508290e+00	-2.018640e+00	-8.680450e-01
1.884000e+01	-1.471040e+00	-1.946810e+00	-8.677050e-01
1.886000e+01	-1.424430e+00	-1.855690e+00	-8.075890e-01
1.888000e+01	-1.508470e+00	-1.783980e+00	-7.956630e-01
1.890000e+01	-1.635670e+00	-1.718260e+00	-8.223210e-01
1.892000e+01	-1.736960e+00	-1.672660e+00	-8.603870e-01
1.894000e+01	-1.808910e+00	-1.526330e+00	-8.778210e-01
1.896000e+01	-1.943920e+00	-1.170070e+00	-9.808490e-01
1.898000e+01	-2.032360e+00	-5.997460e-01	-1.153220e+00
1.900000e+01	-1.978580e+00	-3.146580e-02	-1.292500e+00
1.902000e+01	-1.795110e+00	4.517140e-01	-1.303460e+00
1.904000e+01	-1.448170e+00	9.927140e-01	-1.174410e+00
1.906000e+01	-1.065030e+00	1.564230e+00	-9.804220e-01
1.908000e+01	-7.992330e-01	2.155890e+00	-7.513820e-01
1.910000e+01	-5.225330e-01	2.721550e+00	-5.321220e-01
1.912000e+01	-1.029130e-01	3.205890e+00	-3.548660e-01
1.914000e+01	4.599670e-01	3.622350e+00	-2.238200e-01
1.916000e+01	1.006090e+00	4.040310e+00	-3.873960e-02
1.918000e+01	1.397190e+00	4.544010e+00	9.999240e-02
1.920000e+01	1.687850e+00	5.111310e+00	3.261640e-02
1.922000e+01	2.008450e+00	5.571610e+00	-1.905440e-01
1.924000e+01	2.407450e+00	5.878030e+00	-3.704560e-01
1.926000e+01	2.740690e+00	5.787520e+00	-4.396020e-01
1.928000e+01	2.964310e+00	5.153980e+00	-4.435280e-01
1.930000e+01	3.137220e+00	4.287920e+00	-4.309860e-01
1.932000e+01	3.297520e+00	3.440600e+00	-3.509040e-01
1.934000e+01	3.473810e+00	2.735560e+00	-1.846280e-01
1.936000e+01	3.746290e+00	2.178880e+00	-3.131960e-02
1.938000e+01	4.125410e+00	1.770280e+00	5.172240e-02
1.940000e+01	4.595850e+00	1.475020e+00	5.879680e-02
1.942000e+01	5.074790e+00	1.199220e+00	4.091400e-02
1.944000e+01	5.424070e+00	9.709180e-01	3.613780e-02
1.946000e+01	5.546760e+00	8.612060e-01	3.922500e-02
1.948000e+01	5.466200e+00	7.706680e-01	8.915900e-02
1.950000e+01	5.270090e+00	6.536160e-01	2.513230e-01
1.952000e+01	5.048850e+00	4.190560e-01	4.114850e-01
1.954000e+01	4.786350e+00	1.140560e-01	4.924770e-01
1.956000e+01	4.428090e+00	-6.021180e-02	4.326210e-01
1.958000e+01	4.043290e+00	-9.260980e-02	3.458050e-01
1.960000e+01	3.734070e+00	-1.309780e-02	3.052770e-01
1.962000e+01	3.488010e+00	1.062800e-01	2.429350e-01
1.964000e+01	3.205170e+00	3.048480e-01	9.273700e-02
1.966000e+01	2.955050e+00	5.798480e-01	-7.563700e-02
1.968000e+01	2.814600e+00	9.144680e-01	-1.374470e-01
1.970000e+01	2.728690e+00	1.288510e+00	-1.154250e-01
1.972000e+01	2.724690e+00	1.537930e+00	-1.189000e-01
1.974000e+01	3.090810e+00	1.634610e+00	-1.162720e-01
1.976000e+01	3.827670e+00	1.677590e+00	-9.339420e-02
1.978000e+01	4.625010e+00	1.651420e+00	-5.813020e-02
1.980000e+01	5.313650e+00	1.528040e+00	8.993810e-03
1.982000e+01	5.761850e+00	1.332340e+00	3.296980e-02
1.984000e+01	5.929750e+00	1.026260e+00	2.791810e-03
1.986000e+01	5.852560e+00	6.604380e-01	-9.194820e-02
1.988000e+01	5.609940e+00	3.614180e-01	-2.115460e-01
1.990000e+01	5.237300e+00	2.610740e-01	-4.349460e-01
1.992000e+01	4.766020e+00	3.757640e-01	-6.129660e-01
1.994000e+01	4.184960e+00	6.632640e-01	-6.751360e-01
1.996000e+01	3.527440e+00	1.043020e+00	-6.674440e-01
1.998000e+01	2.954120e+00	1.478800e+00	-5.822040e-01
2.000000e+01	2.519900e+00	1.916260e+00	-4.326660e-01
2.002000e+01	2.184300e+00	2.249320e+00	-2.660780e-01
2.004000e+01	1.943980e+00	2.367090e+00	-2.025340e-01
2.006000e+01	1.807610e+00	2.260550e+00	-1.628080e-01
2.008000e+01	1.772070e+00	2.062100e+00	-1.049120e-01
2.010000e+01	1.797580e+00	1.847480e+00	4.928180e-02
2.012000e+01	1.808240e+00	1.642180e+00	2.538620e-01
2.014000e+01	1.782050e+00	1.489860e+00	4.764220e-01
2.016000e+01	1.798660e+00	1.419420e+00	6.556900e-01
2.018000e+01	1.883800e+00	1.382370e+00	7.639720e-01
2.020000e+01	1.962090e+00	1.326260e+00	8.060120e-01
2.022000e+01	1.951740e+00	1.176070e+00	7.784280e-01
2.024000e+01	1.853910e+00	1.047690e+00	7.276480e-01
2.026000e+01	1.672480e+00	1.064340e+00	6.871920e-01
2.028000e+01	1.468860e+00	1.206130e+00	6.234200e-01
2.030000e+01	1.246940e+00	1.316910e+00	5.111960e-01
2.032000e+01	9.166990e-01	1.223440e+00	3.592860e-01
2.034000e+01	4.556390e-01	9.720020e-01	1.654660e-01
2.036000e+01	-9.818130e-02	6.379020e-01	5.777580e-02
2.038000e+01	-6.209610e-01	3.308420e-01	3.633780e-02
2.040000e+01	-1.059200e+00	1.201620e-01	7.853780e-02
2.042000e+01	-1.380880e+00	7.375500e-04	1.728100e-01
2.044000e+01	-1.626380e+00	-8.384240e-02	2.433480e-01
2.046000e+01	-1.900380e+00	-1.650600e-01	2.067760e-01
2.048000e+01	-2.196900e+00	-2.418940e-01	9.957780e-02
2.050000e+01	-2.445960e+00	-2.501240e-01	-2.845420e-02
2.052000e+01	-2.621100e+00	-1.600520e-01	-1.812640e-01
2.054000e+01	-2.813610e+00	-6.749570e-02	-2.501020e-01
2.056000e+01	-3.140930e+00	-1.079000e-01	-2.065740e-01
2.058000e+01	-3.444690e+00	-3.157000e-01	-1.002280e-01
2.060000e+01	-3.623830e+00	-5.560600e-01	-1.569620e-02
2.062000e+01	-3.628940e+00	-7.674000e-01	9.197830e-03
2.064000e+01	-3.446430e+00	-8.912340e-01	-4.434970e-03
2.066000e+01	-3.116870e+00	-9.089190e-01	-2.855700e-02
2.068000e+01	-2.766190e+00	-8.629450e-01	-3.985180e-02
2.070000e+01	-2.536390e+00	-8.183090e-01	-5.543100e-02
2.072000e+01	-2.341880e+00	-8.982090e-01	-2.886700e-02
2.074000e+01	-2.066720e+00	-1.170250e+00	-2.942970e-03
2.076000e+01	-1.726180e+00	-1.643110e+00	-2.168920e-02
2.078000e+01	-1.426020e+00	-2.174670e+00	-6.983520e-02
2.080000e+01	-1.226360e+00	-2.672630e+00	-1.362750e-01
2.082000e+01	-1.127260e+00	-3.107430e+00	-1.764210e-01
2.084000e+01	-1.142850e+00	-3.468510e+00	-1.929140e-01
2.086000e+01	-1.204810e+00	-3.708230e+00	-1.748470e-01
2.088000e+01	-1.226390e+00	-3.791550e+00	-1.405930e-01
2.090000e+01	-1.193330e+00	-3.833580e+00	-6.715500e-02
2.092000e+01	-1.123070e+00	-3.846010e+00	3.938100e-02
2.094000e+01	-1.074310e+00	-3.740150e+00	1.871410e-01
2.096000e+01	-9.820520e-01	-3.452530e+00	3.227930e-01
2.098000e+01	-7.705520e-01	-2.940610e+00	3.976450e-01
2.100000e+01	-4.606320e-01	-2.247270e+00	3.987500e-01
2.102000e+01	-2.303220e-02	-1.426290e+00	3.751760e-01
2.104000e+01	4.870680e-01	-4.986050e-01	4.722140e-01
2.106000e+01	9.713480e-01	4.740340e-01	6.714360e-01
2.108000e+01	1.406190e+00	1.392070e+00	9.282560e-01
2.110000e+01	1.745590e+00	2.146590e+00	1.189780e+00
2.112000e+01	2.009230e+00	2.693590e+00	1.420840e+00
2.114000e+01	2.173850e+00	3.081350e+00	1.634540e+00
2.116000e+01	2.296610e+00	3.306830e+00	1.826190e+00
2.118000e+01	2.380480e+00	3.428290e+00	1.952170e+00
2.120000e+01	2.344800e+00	3.492450e+00	2.017880e+00
2.122000e+01	2.309160e+00	3.397470e+00	2.026570e+00
2.124000e+01	2.316850e+00	3.237000e+00	1.983670e+00
2.126000e+01	2.326880e+00	2.980760e+00	1.872700e+00
2.128000e+01	2.273380e+00	2.506060e+00	1.755950e+00
2.130000e+01	2.173900e+00	1.841300e+00	1.631890e+00
2.132000e+01	2.092620e+00	1.120560e+00	1.504900e+00
2.134000e+01	2.054310e+00	4.332370e-01	1.417800e+00
2.136000e+01	2.047290e+00	-2.206030e-01	1.319510e+00
2.138000e+01	2.002700e+00	-7.916830e-01	1.194220e+00
2.140000e+01	1.950590e+00	-1.178880e+00	1.041960e+00
2.142000e+01	1.789360e+00	-1.313960e+00	9.300920e-01
2.144000e+01	1.475840e+00	-1.245740e+00	8.507260e-01
2.146000e+01	1.015180e+00	-1.040540e+00	7.988740e-01
2.148000e+01	6.121370e-01	-7.230750e-01	7.382960e-01
2.150000e+01	3.971970e-01	-3.277950e-01	6.724720e-01
2.152000e+01	3.723810e-01	-4.967550e-02	7.057680e-01
2.154000e+01	4.435870e-01	2.240650e-02	7.821480e-01
2.156000e+01	3.977410e-01	-8.594350e-02	8.429580e-01
2.158000e+01	2.566550e-01	-2.420230e-01	8.101280e-01
2.160000e+01	9.217480e-02	-3.398270e-01	7.255040e-01
2.162000e+01	-7.432520e-02	-3.852370e-01	6.084980e-01
2.164000e+01	-2.903250e-01	-3.844170e-01	4.461820e-01
2.166000e+01	-5.918050e-01	-3.501550e-01	2.353220e-01
2.168000e+01	-9.976450e-01	-2.744250e-01	9.022170e-03
2.170000e+01	-1.417470e+00	-2.183270e-01	-1.420740e-01
2.172000e+01	-1.743710e+00	-2.613070e-01	-1.986760e-01
2.174000e+01	-2.001370e+00	-4.604830e-01	-1.180940e-01
2.176000e+01	-2.233850e+00	-8.275630e-01	1.303820e-02
2.178000e+01	-2.425510e+00	-1.327500e+00	1.554560e-01
2.180000e+01	-2.591630e+00	-1.869540e+00	2.972720e-01
2.182000e+01	-2.766620e+00	-2.345120e+00	3.562960e-01
2.184000e+01	-2.870860e+00	-2.598520e+00	3.297440e-01
2.186000e+01	-2.859880e+00	-2.560510e+00	2.817360e-01
2.188000e+01	-2.754970e+00	-2.348270e+00	2.973060e-01
2.190000e+01	-2.596560e+00	-2.207050e+00	3.176380e-01
2.192000e+01	-2.397850e+00	-2.316680e+00	2.943400e-01
2.194000e+01	-2.153950e+00	-2.577700e+00	2.725600e-01
2.196000e+01	-1.854590e+00	-2.773750e+00	2.804170e-01
2.198000e+01	-1.555450e+00	-2.747040e+00	3.505110e-01
2.200000e+01	-1.337770e+00	-2.511840e+00	4.630690e-01
2.202000e+01	-1.182030e+00	-2.173460e+00	5.648590e-01
2.204000e+01	-1.081510e+00	-1.820700e+00	6.606030e-01
2.206000e+01	-1.007500e+00	-1.390220e+00	7.444790e-01
2.208000e+01	-9.801610e-01	-8.351610e-01	7.930510e-01
2.210000e+01	-9.501810e-01	-1.949410e-01	7.983940e-01
2.212000e+01	-8.309650e-01	3.681990e-01	7.603080e-01
2.214000e+01	-6.692230e-01	7.489990e-01	7.275840e-01
2.216000e+01	-6.101230e-01	1.091860e+00	6.848120e-01
2.218000e+01	-6.527070e-01	1.396760e+00	5.885240e-01
2.220000e+01	-7.232670e-01	1.611520e+00	4.274940e-01
2.222000e+01	-8.178230e-01	1.712410e+00	3.089680e-01
2.224000e+01	-9.919090e-01	1.730380e+00	2.252420e-01
2.226000e+01	-1.239610e+00	1.645550e+00	1.262240e-01
2.228000e+01	-1.427190e+00	1.438450e+00	4.739580e-02
2.230000e+01	-1.509960e+00	1.154230e+00	-2.981220e-02
2.232000e+01	-1.536510e+00	8.122860e-01	-1.473480e-01
2.234000e+01	-1.524200e+00	4.034660e-01	-2.634460e-01
2.236000e+01	-1.499050e+00	-5.075420e-02	-3.062000e-01
2.238000e+01	-1.492640e+00	-5.443740e-01	-3.046090e-01
2.240000e+01	-1.494900e+00	-1.048870e+00	-2.496270e-01
2.242000e+01	-1.558000e+00	-1.476410e+00	-1.792770e-01
2.244000e+01	-1.723360e+00	-1.735210e+00	-1.682840e-01
2.246000e+01	-1.964860e+00	-1.758450e+00	-2.432860e-01
2.248000e+01	-2.264280e+00	-1.551790e+00	-3.858120e-01
2.250000e+01	-2.576660e+00	-1.328470e+00	-5.402100e-01
2.252000e+01	-2.758350e+00	-1.193460e+00	-6.481400e-01
2.254000e+01	-2.872790e+00	-1.072580e+00	-7.364000e-01
2.256000e+01	-2.845380e+00	-9.936280e-01	-7.332270e-01
2.258000e+01	-2.602420e+00	-8.561560e-01	-6.220090e-01
2.260000e+01	-2.141060e+00	-6.112160e-01	-4.252990e-01
2.262000e+01	-1.586640e+00	-3.449360e-01	-2.131790e-01
2.264000e+01	-1.134000e+00	-9.339620e-02	-9.429920e-02
2.266000e+01	-8.007960e-01	1.173040e-01	-5.470920e-02
2.268000e+01	-5.967160e-01	2.313280e-01	-9.375120e-02
2.270000e+01	-4.247460e-01	3.272620e-01	-2.001370e-01
2.272000e+01	-2.967040e-01	3.954800e-01	-3.277590e-01
2.274000e+01	-1.807300e-01	4.365420e-01	-4.016490e-01
2.276000e+01	-9.633400e-02	4.335980e-01	-4.351770e-01
2.278000e+01	-1.085590e-01	3.579700e-01	-4.781530e-01
2.280000e+01	-1.926690e-01	2.115380e-01	-5.482670e-01
2.282000e+01	-3.639130e-01	5.994400e-02	-5.932670e-01
2.284000e+01	-5.797330e-01	-7.730200e-02	-6.216590e-01
2.286000e+01	-8.082130e-01	-1.773040e-01	-6.627010e-01
2.288000e+01	-9.916290e-01	-2.961160e-01	-7.051470e-01
2.290000e+01	-1.065080e+00	-4.564940e-01	-7.126130e-01
2.292000e+01	-1.051850e+00	-5.336600e-01	-6.459750e-01
2.294000e+01	-9.175500e-01	-5.503280e-01	-5.834810e-01
2.296000e+01	-7.383600e-01	-4.879060e-01	-5.566510e-01
2.298000e+01	-5.524860e-01	-3.574400e-01	-5.204570e-01
2.300000e+01	-4.437180e-01	-1.791820e-01	-4.489630e-01
2.302000e+01	-3.778580e-01	-4.502980e-02	-3.630010e-01
2.304000e+01	-3.059340e-01	4.937820e-02	-2.612510e-01
2.306000e+01	-2.322280e-01	1.156700e-01	-1.282450e-01
2.308000e+01	-1.749520e-01	1.648920e-01	-6.315490e-05
2.310000e+01	-2.147580e-01	1.899200e-01	7.138280e-02
2.312000e+01	-3.665120e-01	1.730230e-01	7.188230e-02
2.314000e+01	-5.908920e-01	1.738370e-01	5.891110e-02
2.316000e+01	-7.692640e-01	1.900420e-01	2.020110e-02
2.318000e+01	-8.481360e-01	1.773300e-01	-1.384690e-02
2.320000e+01	-8.244040e-01	3.758040e-02	-4.517490e-02
2.322000e+01	-7.408340e-01	-2.231800e-01	-7.346290e-02
2.324000e+01	-6.564040e-01	-5.379000e-01	-6.939370e-02
2.326000e+01	-6.177420e-01	-8.164000e-01	-4.591370e-02
2.328000e+01	-6.023150e-01	-1.028740e+00	1.242630e-02
2.330000e+01	-5.762210e-01	-1.204250e+00	5.837630e-02
2.332000e+01	-4.988370e-01	-1.342420e+00	7.698770e-02
2.334000e+01	-3.331170e-01	-1.453320e+00	5.030970e-02
2.336000e+01	-1.634750e-01	-1.567050e+00	6.417740e-03
2.338000e+01	-6.181460e-02	-1.669880e+00	-4.432030e-02
2.340000e+01	-4.838860e-02	-1.770160e+00	-8.193230e-02
2.342000e+01	-6.690280e-02	-1.854770e+00	-7.301730e-02
2.344000e+01	-9.984680e-02	-1.902450e+00	-3.306530e-02
2.346000e+01	-1.338710e-01	-1.985260e+00	3.186070e-02
2.348000e+01	-1.271310e-01	-2.058700e+00	1.215810e-01
2.350000e+01	-1.106250e-01	-2.054010e+00	2.572470e-01
2.352000e+01	-5.159340e-02	-2.032470e+00	4.316570e-01
2.354000e+01	5.931060e-02	-2.015250e+00	5.762250e-01
2.356000e+01	1.877470e-01	-1.977580e+00	6.465670e-01
2.358000e+01	2.844630e-01	-1.813830e+00	6.688170e-01
2.360000e+01	3.593050e-01	-1.621130e+00	7.135770e-01
2.362000e+01	3.677460e-01	-1.434360e+00	8.285790e-01
2.364000e+01	2.988380e-01	-1.260260e+00	9.995550e-01
2.366000e+01	2.455180e-01	-1.142910e+00	1.180940e+00
2.368000e+01	2.942020e-01	-1.042220e+00	1.311830e+00
2.370000e+01	4.706260e-01	-9.842680e-01	1.413510e+00
2.372000e+01	6.771860e-01	-9.576560e-01	1.470870e+00
2.374000e+01	8.574720e-01	-9.867600e-01	1.496830e+00
2.376000e+01	1.035380e+00	-9.743980e-01	1.430530e+00
2.378000e+01	1.125070e+00	-8.887900e-01	1.284080e+00
2.380000e+01	1.085180e+00	-8.268340e-01	1.128780e+00
2.382000e+01	1.011450e+00	-7.838300e-01	1.008780e+00
2.384000e+01	9.858840e-01	-7.611580e-01	9.296450e-01
2.386000e+01	1.025900e+00	-7.870760e-01	8.530490e-01
2.388000e+01	1.067520e+00	-7.964040e-01	7.818330e-01
2.390000e+01	1.088130e+00	-7.110320e-01	7.777160e-01
2.392000e+01	1.012050e+00	-5.471320e-01	8.582500e-01
2.394000e+01	8.350180e-01	-3.426920e-01	9.584560e-01
2.396000e+01	6.446120e-01	-9.267160e-02	1.055020e+00
2.398000e+01	4.840240e-01	1.570280e-01	1.108790e+00
2.400000e+01	3.745060e-01	3.828880e-01	1.156100e+00
2.402000e+01	2.511400e-01	6.532280e-01	1.234950e+00
2.404000e+01	8.898960e-02	1.016250e+00	1.301800e+00
2.406000e+01	-1.044400e-01	1.419710e+00	1.313710e+00
2.408000e+01	-2.868640e-01	1.738930e+00	1.273950e+00
2.410000e+01	-3.889000e-01	1.887430e+00	1.213690e+00
2.412000e+01	-3.764450e-01	1.880150e+00	1.161950e+00
2.414000e+01	-3.291470e-01	1.889140e+00	1.074100e+00
2.416000e+01	-3.756670e-01	2.068880e+00	9.694430e-01
2.418000e+01	-4.916310e-01	2.400640e+00	8.748090e-01
2.420000e+01	-5.517610e-01	2.832700e+00	7.501950e-01
2.422000e+01	-5.167330e-01	3.270040e+00	6.203150e-01
2.424000e+01	-4.000550e-01	3.613820e+00	4.728430e-01
2.426000e+01	-1.892350e-01	3.810800e+00	3.361550e-01
2.428000e+01	5.144480e-02	3.857420e+00	2.483950e-01
2.430000e+01	3.058450e-01	3.750910e+00	1.788450e-01
2.432000e+01	5.272850e-01	3.505890e+00	9.686660e-02
2.434000e+01	6.942570e-01	3.169250e+00	-4.426940e-02
2.436000e+01	7.915050e-01	2.787050e+00	-2.081410e-01
2.438000e+01	8.781050e-01	2.429810e+00	-3.716750e-01
2.440000e+01	9.755530e-01	2.070270e+00	-5.028110e-01
2.442000e+01	1.018930e+00	1.666390e+00	-5.981250e-01
2.444000e+01	9.849930e-01	1.226890e+00	-6.924010e-01
2.446000e+01	8.992650e-01	7.786350e-01	-7.790350e-01
2.448000e+01	7.663890e-01	4.355350e-01	-8.200210e-01
2.450000e+01	6.003910e-01	2.953410e-01	-7.961890e-01
2.452000e+01	5.433790e-01	3.100840e-01	-8.042380e-01
2.454000e+01	6.413430e-01	3.577700e-01	-8.183520e-01
2.456000e+01	8.657830e-01	3.475390e-01	-7.952440e-01
2.458000e+01	1.064930e+00	2.832550e-01	-7.729580e-01
2.460000e+01	1.139080e+00	2.270570e-01	-7.468500e-01
2.462000e+01	1.136700e+00	2.628550e-01	-7.456790e-01
2.464000e+01	1.137670e+00	3.455230e-01	-7.281210e-01
2.466000e+01	1.209890e+00	4.877890e-01	-6.738810e-01
2.468000e+01	1.319360e+00	6.603550e-01	-6.432170e-01
2.470000e+01	1.409080e+00	8.252970e-01	-6.513980e-01
2.472000e+01	1.436520e+00	1.017140e+00	-6.430310e-01
2.474000e+01	1.350190e+00	1.120980e+00	-5.579770e-01
2.476000e+01	1.239440e+00	1.071200e+00	-4.672010e-01
2.478000e+01	1.120930e+00	8.689970e-01	-4.155290e-01
2.480000e+01	9.959570e-01	6.148970e-01	-4.124490e-01
2.482000e+01	8.789250e-01	3.803370e-01	-4.071090e-01
2.484000e+01	7.252510e-01	2.003670e-01	-3.592850e-01
2.486000e+01	5.358930e-01	6.214140e-02	-2.896870e-01
2.488000e+01	2.987330e-01	-1.864860e-02	-2.431850e-01
2.490000e+01	2.781300e-02	-9.523460e-02	-2.382310e-01
2.492000e+01	-2.376870e-01	-1.809670e-01	-2.125650e-01
2.494000e+01	-4.033950e-01	-2.516090e-01	-1.570210e-01
2.496000e+01	-4.693410e-01	-3.190910e-01	-1.365190e-01
2.498000e+01	-4.870760e-01	-3.614950e-01	-1.928470e-01
2.500000e+01	-5.302680e-01	-3.973150e-01	-2.945250e-01
2.502000e+01	-5.929520e-01	-3.989530e-01	-3.699490e-01
2.504000e+01	-6.308600e-01	-4.488210e-01	-3.733090e-01
2.506000e+01	-6.685280e-01	-5.451370e-01	-3.649220e-01
2.508000e+01	-7.340540e-01	-6.736330e-01	-3.580380e-01
2.510000e+01	-7.942980e-01	-8.409350e-01	-3.088080e-01
2.512000e+01	-8.742740e-01	-9.977910e-01	-2.569980e-01
2.514000e+01	-1.012270e+00	-1.052880e+00	-2.314040e-01
2.516000e+01	-1.109290e+00	-1.065410e+00	-2.054720e-01
2.518000e+01	-1.110740e+00	-9.991280e-01	-1.622700e-01
2.520000e+01	-1.077010e+00	-8.606400e-01	-1.166880e-01
2.522000e+01	-1.088010e+00	-7.305950e-01	-9.708240e-02
2.524000e+01	-1.055740e+00	-6.504610e-01	-1.346520e-01
2.526000e+01	-9.081210e-01	-6.581420e-01	-2.243360e-01
2.528000e+01	-6.356810e-01	-6.949220e-01	-2.679340e-01
2.530000e+01	-2.308010e-01	-7.670040e-01	-2.562790e-01
2.532000e+01	1.836990e-01	-8.144340e-01	-2.426230e-01
2.534000e+01	5.063590e-01	-6.910780e-01	-2.575250e-01
2.536000e+01	7.268390e-01	-3.463380e-01	-2.314030e-01
2.538000e+01	7.968730e-01	1.878820e-01	-1.710010e-01
2.540000e+01	7.833140e-01	7.794420e-01	-1.260490e-01
2.542000e+01	8.429980e-01	1.297880e+00	-1.070730e-01
2.544000e+01	9.561160e-01	1.771120e+00	-1.738710e-01
2.546000e+01	1.117860e+00	2.167500e+00	-2.874790e-01
2.548000e+01	1.372160e+00	2.488060e+00	-4.376510e-01
2.550000e+01	1.702700e+00	2.686110e+00	-5.756970e-01
2.552000e+01	2.082460e+00	2.712520e+00	-6.688370e-01
2.554000e+01	2.444700e+00	2.571500e+00	-7.036210e-01
2.556000e+01	2.724420e+00	2.321120e+00	-6.810310e-01
2.558000e+01	2.912410e+00	1.958040e+00	-6.836560e-01
2.560000e+01	3.038420e+00	1.535000e+00	-7.083360e-01
2.562000e+01	3.188120e+00	1.147620e+00	-7.493460e-01
2.564000e+01	3.322090e+00	8.255840e-01	-7.554960e-01
2.566000e+01	3.333380e+00	6.015240e-01	-7.812780e-01
2.568000e+01	3.200350e+00	3.956840e-01	-8.744620e-01
2.570000e+01	2.940710e+00	2.162560e-01	-1.034270e+00
2.572000e+01	2.648110e+00	9.768570e-02	-1.236310e+00
2.574000e+01	2.447090e+00	4.283370e-02	-1.417990e+00
2.576000e+01	2.315070e+00	3.136890e-02	-1.570980e+00
2.578000e+01	2.198080e+00	3.559410e-02	-1.693180e+00
2.580000e+01	2.099480e+00	2.116130e-03	-1.769660e+00
2.582000e+01	2.011580e+00	-7.905190e-02	-1.764890e+00
2.584000e+01	1.959210e+00	-1.250780e-01	-1.722000e+00
2.586000e+01	1.971980e+00	-1.496320e-01	-1.665080e+00
2.588000e+01	2.027110e+00	-2.100680e-01	-1.625950e+00
2.590000e+01	2.105440e+00	-3.261380e-01	-1.633050e+00
2.592000e+01	2.211070e+00	-5.184760e-01	-1.668990e+00
2.594000e+01	2.300780e+00	-7.295360e-01	-1.725800e+00
2.596000e+01	2.340610e+00	-8.525120e-01	-1.824970e+00
2.598000e+01	2.278590e+00	-9.104280e-01	-1.904620e+00
2.600000e+01	2.150220e+00	-9.662640e-01	-1.913060e+00
2.602000e+01	2.002490e+00	-1.059220e+00	-1.854550e+00
2.604000e+01	1.929680e+00	-1.201550e+00	-1.785020e+00
2.606000e+01	1.933040e+00	-1.371920e+00	-1.716180e+00
2.608000e+01	1.957670e+00	-1.512130e+00	-1.646610e+00
2.610000e+01	1.961830e+00	-1.586820e+00	-1.570250e+00
2.612000e+01	1.910730e+00	-1.622190e+00	-1.498900e+00
2.614000e+01	1.768080e+00	-1.644340e+00	-1.448330e+00
2.616000e+01	1.541740e+00	-1.669490e+00	-1.434400e+00
2.618000e+01	1.302880e+00	-1.629690e+00	-1.473240e+00
2.620000e+01	1.089200e+00	-1.505200e+00	-1.534440e+00
2.622000e+01	9.180820e-01	-1.370760e+00	-1.527380e+00
2.624000e+01	7.335980e-01	-1.229620e+00	-1.449050e+00
2.626000e+01	5.454920e-01	-1.171630e+00	-1.337160e+00
2.628000e+01	3.372720e-01	-1.218920e+00	-1.222030e+00
2.630000e+01	1.429200e-01	-1.306050e+00	-1.102260e+00
2.632000e+01	-4.422840e-02	-1.396250e+00	-9.770210e-01
2.634000e+01	-2.007360e-01	-1.426120e+00	-8.291910e-01
2.636000e+01	-3.624680e-01	-1.458270e+00	-6.829210e-01
2.638000e+01	-5.149960e-01	-1.518160e+00	-5.947270e-01
2.640000e+01	-6.338240e-01	-1.597640e+00	-5.439370e-01
2.642000e+01	-6.678600e-01	-1.673700e+00	-4.873430e-01
2.644000e+01	-6.302320e-01	-1.703750e+00	-3.484590e-01
2.646000e+01	-5.631060e-01	-1.670480e+00	-1.967650e-01
2.648000e+01	-5.481520e-01	-1.572140e+00	-7.483140e-02
2.650000e+01	-5.743240e-01	-1.449300e+00	4.041860e-02
2.652000e+01	-5.215280e-01	-1.237800e+00	1.867290e-01
2.654000e+01	-4.111160e-01	-9.560360e-01	3.632590e-01
2.656000e+01	-2.829320e-01	-6.406760e-01	5.432510e-01
2.658000e+01	-2.651360e-01	-2.911560e-01	6.655270e-01
2.660000e+01	-3.527660e-01	7.374410e-02	7.244450e-01
2.662000e+01	-5.444800e-01	4.315040e-01	7.785590e-01
2.664000e+01	-7.962200e-01	7.464640e-01	8.433410e-01
2.666000e+01	-1.112100e+00	1.032900e+00	9.210110e-01
2.668000e+01	-1.523860e+00	1.260500e+00	9.899350e-01
2.670000e+01	-2.002260e+00	1.413740e+00	1.066040e+00
2.672000e+01	-2.523980e+00	1.488010e+00	1.120000e+00
2.674000e+01	-3.025420e+00	1.500900e+00	1.169650e+00
2.676000e+01	-3.488740e+00	1.458830e+00	1.215490e+00
2.678000e+01	-3.838220e+00	1.332310e+00	1.254530e+00
2.680000e+01	-4.087440e+00	1.130170e+00	1.241230e+00
2.682000e+01	-4.273100e+00	8.738730e-01	1.194570e+00
2.684000e+01	-4.415480e+00	5.719930e-01	1.152210e+00
2.686000e+01	-4.563640e+00	2.862730e-01	1.098060e+00
2.688000e+01	-4.712860e+00	4.732920e-03	1.065110e+00
2.690000e+01	-4.914040e+00	-2.628870e-01	1.038020e+00
2.692000e+01	-5.098890e+00	-4.760070e-01	1.010730e+00
2.694000e+01	-5.266180e+00	-6.230510e-01	9.285840e-01
2.696000e+01	-5.389390e+00	-6.536050e-01	7.888260e-01
2.698000e+01	-5.440550e+00	-5.944630e-01	6.534700e-01
2.700000e+01	-5.433100e+00	-4.741250e-01	5.334840e-01
2.702000e+01	-5.406540e+00	-2.934090e-01	4.465600e-01
2.704000e+01	-5.359790e+00	-3.382910e-02	3.769880e-01
2.706000e+01	-5.297830e+00	2.747310e-01	2.943880e-01
2.708000e+01	-5.094530e+00	5.410710e-01	2.347020e-01
2.710000e+01	-4.759330e+00	7.511110e-01	2.470820e-01
2.712000e+01	-4.289930e+00	8.761490e-01	2.981660e-01
2.714000e+01	-3.714650e+00	9.673850e-01	3.440080e-01
2.716000e+01	-3.191530e+00	1.071850e+00	3.642760e-01
2.718000e+01	-2.718290e+00	1.156040e+00	3.685150e-01
2.720000e+01	-2.309050e+00	1.165160e+00	3.403550e-01
2.722000e+01	-1.927010e+00	1.093410e+00	2.722510e-01
2.724000e+01	-1.609630e+00	9.797130e-01	1.976050e-01
2.726000e+01	-1.346930e+00	8.701370e-01	1.281430e-01
2.728000e+01	-1.175500e+00	7.480730e-01	8.127540e-02
2.730000e+01	-1.024780e+00	5.889050e-01	4.801740e-02
2.732000e+01	-7.754630e-01	4.091830e-01	-9.194620e-03
2.734000e+01	-4.429830e-01	1.881430e-01	-1.285250e-01
2.736000e+01	-9.918350e-02	-5.215670e-02	-2.471530e-01
2.738000e+01	2.282170e-01	-3.050970e-01	-3.001590e-01
2.740000e+01	4.926970e-01	-5.715970e-01	-3.189430e-01
2.742000e+01	7.072370e-01	-7.920970e-01	-3.383060e-01
2.744000e+01	9.057610e-01	-9.301250e-01	-3.377950e-01
2.746000e+01	1.066960e+00	-1.026010e+00	-3.658810e-01
2.748000e+01	1.115590e+00	-1.087350e+00	-3.968670e-01
2.750000e+01	1.073840e+00	-1.074070e+00	-4.289730e-01
2.752000e+01	9.938910e-01	-9.983140e-01	-4.779870e-01
2.754000e+01	9.094550e-01	-8.571560e-01	-5.514550e-01
2.756000e+01	7.682030e-01	-6.557960e-01	-6.246810e-01
2.758000e+01	5.512030e-01	-4.298760e-01	-6.747930e-01
2.760000e+01	3.094030e-01	-2.073360e-01	-7.617050e-01
2.762000e+01	8.906250e-02	-5.117230e-02	-8.331470e-01
2.764000e+01	-1.173140e-02	2.927720e-03	-9.094110e-01
2.766000e+01	-5.026740e-02	2.196350e-02	-9.389650e-01
2.768000e+01	1.864260e-02	8.477320e-03	-9.306730e-01
2.770000e+01	1.500110e-01	1.622210e-02	-9.258410e-01
2.772000e+01	2.995690e-01	5.374410e-02	-8.898670e-01
2.774000e+01	4.610350e-01	8.045810e-02	-8.729630e-01
2.776000e+01	6.699950e-01	5.385810e-02	-8.856960e-01
2.778000e+01	9.624150e-01	-1.212790e-02	-9.346900e-01
2.780000e+01	1.304550e+00	-1.066940e-01	-1.005500e+00
2.782000e+01	1.659070e+00	-2.102880e-01	-1.057850e+00
2.784000e+01	1.993010e+00	-2.970340e-01	-1.035080e+00
2.786000e+01	2.307070e+00	-3.611080e-01	-9.883040e-01
2.788000e+01	2.595010e+00	-3.996080e-01	-9.619640e-01
2.790000e+01	2.861590e+00	-4.601420e-01	-9.259160e-01
2.792000e+01	3.058240e+00	-5.042480e-01	-8.541840e-01
2.794000e+01	3.167990e+00	-5.110330e-01	-7.483880e-01
2.796000e+01	3.181270e+00	-4.786550e-01	-5.956000e-01
2.798000e+01	3.129920e+00	-4.704340e-01	-4.070280e-01
2.800000e+01	3.037870e+00	-4.527090e-01	-2.159320e-01
2.802000e+01	2.903020e+00	-5.056690e-01	-3.331840e-02
2.804000e+01	2.743020e+00	-6.038990e-01	1.281260e-01
2.806000e+01	2.617700e+00	-6.778370e-01	2.460640e-01
2.808000e+01	2.572670e+00	-7.106510e-01	3.214000e-01
2.810000e+01	2.593480e+00	-6.778650e-01	3.602940e-01
2.812000e+01	2.616790e+00	-7.050170e-01	4.028520e-01
2.814000e+01	2.633970e+00	-7.866670e-01	4.432120e-01
2.816000e+01	2.641650e+00	-9.395630e-01	4.825740e-01
2.818000e+01	2.682250e+00	-1.187340e+00	5.582600e-01
2.820000e+01	2.783990e+00	-1.452180e+00	6.611260e-01
2.822000e+01	2.878160e+00	-1.696200e+00	7.743000e-01
2.824000e+01	2.944610e+00	-1.932980e+00	8.579580e-01
2.826000e+01	2.998440e+00	-2.120730e+00	9.440800e-01
2.828000e+01	3.028530e+00	-2.244320e+00	1.021380e+00
2.830000e+01	3.081590e+00	-2.347040e+00	1.093360e+00
2.832000e+01	3.156360e+00	-2.377240e+00	1.204920e+00
2.834000e+01	3.176530e+00	-2.331280e+00	1.368280e+00
2.836000e+01	3.136490e+00	-2.261200e+00	1.591640e+00
2.838000e+01	3.024310e+00	-2.173390e+00	1.862660e+00
2.840000e+01	2.845250e+00	-2.032870e+00	2.129600e+00
2.842000e+01	2.606570e+00	-1.807210e+00	2.359780e+00
2.844000e+01	2.300290e+00	-1.531250e+00	2.524660e+00
2.846000e+01	2.001590e+00	-1.238810e+00	2.618780e+00
2.848000e+01	1.708270e+00	-9.558930e-01	2.641420e+00
2.850000e+01	1.425470e+00	-6.744330e-01	2.585890e+00
2.852000e+01	1.127870e+00	-3.899130e-01	2.486150e+00
2.854000e+01	8.004300e-01	-4.919270e-02	2.364950e+00
2.856000e+01	4.885900e-01	3.305070e-01	2.254850e+00
2.858000e+01	2.081300e-01	6.716270e-01	2.207760e+00
2.860000e+01	-1.061700e-01	9.822470e-01	2.167150e+00
2.862000e+01	-4.584700e-01	1.249370e+00	2.126930e+00
2.864000e+01	-8.407700e-01	1.516570e+00	2.088090e+00
2.866000e+01	-1.285530e+00	1.760890e+00	2.024960e+00
2.868000e+01	-1.733130e+00	1.981650e+00	1.976380e+00
2.870000e+01	-2.135350e+00	2.155500e+00	1.893090e+00
2.872000e+01	-2.496570e+00	2.325760e+00	1.766670e+00
2.874000e+01	-2.821430e+00	2.462380e+00	1.642910e+00
2.876000e+01	-3.122350e+00	2.517590e+00	1.526210e+00
2.878000e+01	-3.409090e+00	2.486760e+00	1.412660e+00
2.880000e+01	-3.630650e+00	2.399530e+00	1.330650e+00
2.882000e+01	-3.791100e+00	2.260690e+00	1.225700e+00
2.884000e+01	-3.860900e+00	2.067680e+00	1.097160e+00
2.886000e+01	-3.865420e+00	1.888880e+00	9.679200e-01
2.888000e+01	-3.809810e+00	1.730240e+00	8.473520e-01
2.890000e+01	-3.726310e+00	1.594590e+00	7.461400e-01
2.892000e+01	-3.595530e+00	1.469660e+00	6.574380e-01
2.894000e+01	-3.401070e+00	1.413790e+00	6.139080e-01
2.896000e+01	-3.155150e+00	1.365570e+00	5.766460e-01
2.898000e+01	-2.850550e+00	1.337890e+00	5.438520e-01
2.900000e+01	-2.516370e+00	1.303410e+00	4.961720e-01
2.902000e+01	-2.167690e+00	1.247430e+00	4.288240e-01
2.904000e+01	-1.827270e+00	1.224500e+00	3.754080e-01
2.906000e+01	-1.487530e+00	1.272940e+00	3.345240e-01
2.908000e+01	-1.196150e+00	1.400690e+00	2.882220e-01
2.910000e+01	-9.492300e-01	1.558370e+00	2.340780e-01
2.912000e+01	-7.347700e-01	1.617770e+00	1.819600e-01
2.914000e+01	-5.764540e-01	1.565320e+00	1.323260e-01
2.916000e+01	-4.719720e-01	1.490050e+00	1.218410e-01
2.918000e+01	-3.994300e-01	1.434240e+00	1.693570e-01
2.920000e+01	-3.816220e-01	1.469850e+00	2.481770e-01
2.922000e+01	-4.286560e-01	1.525550e+00	3.238190e-01
2.924000e+01	-5.529780e-01	1.589600e+00	3.992270e-01
2.926000e+01	-7.415820e-01	1.593320e+00	4.885890e-01
2.928000e+01	-9.269860e-01	1.462920e+00	5.508590e-01
2.930000e+01	-1.072270e+00	1.260920e+00	5.964430e-01
2.932000e+01	-1.182690e+00	1.014800e+00	6.227390e-01
2.934000e+01	-1.211100e+00	7.797200e-01	6.152790e-01
2.936000e+01	-1.155880e+00	5.130800e-01	6.093440e-01
2.938000e+01	-1.063020e+00	2.297600e-01	5.982310e-01
2.940000e+01	-8.649980e-01	-4.920030e-02	5.531610e-01
2.942000e+01	-5.852580e-01	-3.122000e-01	5.106970e-01
2.944000e+01	-2.985980e-01	-5.201400e-01	4.986170e-01
2.946000e+01	4.401740e-03	-6.722100e-01	4.723730e-01
2.948000e+01	3.496820e-01	-7.754340e-01	4.392310e-01
2.950000e+01	6.770220e-01	-8.113800e-01	3.937070e-01
2.952000e+01	9.601620e-01	-7.842300e-01	3.641970e-01
2.954000e+01	1.212320e+00	-7.124540e-01	3.258270e-01
2.956000e+01	1.444320e+00	-5.805440e-01	2.813390e-01
2.958000e+01	1.673360e+00	-4.623260e-01	2.810630e-01
2.960000e+01	1.899720e+00	-4.033080e-01	2.834940e-01
2.962000e+01	2.100800e+00	-3.894210e-01	2.354200e-01
2.964000e+01	2.254600e+00	-4.061570e-01	1.360180e-01
2.966000e+01	2.322500e+00	-4.334830e-01	9.583820e-03
2.968000e+01	2.343450e+00	-4.359380e-01	-1.274300e-01
2.970000e+01	2.306420e+00	-4.343140e-01	-2.480880e-01
2.972000e+01	2.185240e+00	-4.304320e-01	-3.619980e-01
2.974000e+01	1.995440e+00	-4.508280e-01	-4.814260e-01
2.976000e+01	1.818100e+00	-4.373480e-01	-5.863800e-01
2.978000e+01	1.647880e+00	-3.969940e-01	-6.320920e-01
2.980000e+01	1.464060e+00	-3.528020e-01	-6.391740e-01
2.982000e+01	1.306650e+00	-2.277840e-01	-6.344620e-01
2.984000e+01	1.209380e+00	-9.502380e-02	-6.261820e-01
2.986000e+01	1.160950e+00	-1.507980e-02	-6.186960e-01
2.988000e+01	1.126160e+00	6.948220e-02	-6.268940e-01
2.990000e+01	1.062800e+00	2.167800e-01	-6.557580e-01
2.992000e+01	9.331660e-01	3.678960e-01	-6.599610e-01
2.994000e+01	8.352280e-01	4.733000e-01	-6.664790e-01
2.996000e+01	7.444140e-01	5.514440e-01	-7.031690e-01
2.998000e+01	6.670880e-01	6.357060e-01	-7.692530e-01
3.000000e+01	5.619240e-01	7.185040e-01	-8.202410e-01
3.002000e+01	4.121520e-01	8.273540e-01	-8.150290e-01
3.004000e+01	2.443460e-01	9.769240e-01	-7.715670e-01
3.006000e+01	9.995170e-02	1.176060e+00	-7.159090e-01
3.008000e+01	6.348370e-02	1.419460e+00	-6.635670e-01
3.010000e+01	9.605770e-02	1.693280e+00	-5.883650e-01
3.012000e+01	1.550280e-01	1.874420e+00	-5.311870e-01
3.014000e+01	2.094540e-01	1.990190e+00	-5.229120e-01
3.016000e+01	2.487900e-01	2.081140e+00	-5.528940e-01
3.018000e+01	2.621100e-01	2.125980e+00	-5.729640e-01
3.020000e+01	2.951820e-01	2.158110e+00	-5.686710e-01
3.022000e+01	3.592720e-01	2.193770e+00	-6.089590e-01
3.024000e+01	3.705490e-01	2.219110e+00	-6.991910e-01
3.026000e+01	3.668560e-01	2.195220e+00	-7.863550e-01
3.028000e+01	3.334440e-01	2.251290e+00	-9.009690e-01
3.030000e+01	2.626260e-01	2.368700e+00	-1.024900e+00
3.032000e+01	2.145800e-01	2.515170e+00	-1.130940e+00
3.034000e+01	2.152440e-01	2.678510e+00	-1.204930e+00
3.036000e+01	2.839480e-01	2.847780e+00	-1.261880e+00
3.038000e+01	4.138920e-01	3.067320e+00	-1.308600e+00
3.040000e+01	5.359500e-01	3.332460e+00	-1.344580e+00
3.042000e+01	6.168820e-01	3.604400e+00	-1.377840e+00
3.044000e+01	6.851660e-01	3.872900e+00	-1.406000e+00
3.046000e+01	7.485060e-01	4.157320e+00	-1.454490e+00
3.048000e+01	7.665380e-01	4.413820e+00	-1.484860e+00
3.050000e+01	7.287340e-01	4.584030e+00	-1.479900e+00
3.052000e+01	6.744560e-01	4.607990e+00	-1.475490e+00
3.054000e+01	6.307840e-01	4.537680e+00	-1.517270e+00
3.056000e+01	6.480680e-01	4.390260e+00	-1.552890e+00
3.058000e+01	7.277100e-01	4.164580e+00	-1.551070e+00
3.060000e+01	8.654480e-01	3.911220e+00	-1.516210e+00
3.062000e+01	1.059400e+00	3.642860e+00	-1.454250e+00
3.064000e+01	1.247870e+00	3.369160e+00	-1.388460e+00
3.066000e+01	1.424170e+00	3.071600e+00	-1.343490e+00
3.068000e+01	1.584400e+00	2.728740e+00	-1.356310e+00
3.070000e+01	1.733180e+00	2.398160e+00	-1.401240e+00
3.072000e+01	1.902950e+00	2.139660e+00	-1.477170e+00
3.074000e+01	2.113650e+00	1.924440e+00	-1.524430e+00
3.076000e+01	2.343890e+00	1.724830e+00	-1.544100e+00
3.078000e+01	2.548070e+00	1.547190e+00	-1.548240e+00
3.080000e+01	2.731890e+00	1.389880e+00	-1.501970e+00
3.082000e+01	2.879970e+00	1.281290e+00	-1.443790e+00
3.084000e+01	3.011340e+00	1.214870e+00	-1.388510e+00
3.086000e+01	3.120810e+00	1.204050e+00	-1.340550e+00
3.088000e+01	3.235700e+00	1.282590e+00	-1.309940e+00
3.090000e+01	3.335380e+00	1.392910e+00	-1.312810e+00
3.092000e+01	3.402150e+00	1.484620e+00	-1.320460e+00
3.094000e+01	3.444250e+00	1.550230e+00	-1.336160e+00
3.096000e+01	3.441770e+00	1.614180e+00	-1.386280e+00
3.098000e+01	3.411590e+00	1.674750e+00	-1.422050e+00
3.100000e+01	3.328360e+00	1.736410e+00	-1.461750e+00
3.102000e+01	3.158830e+00	1.816340e+00	-1.536650e+00
3.104000e+01	2.960920e+00	1.866780e+00	-1.584380e+00
3.106000e+01	2.745780e+00	1.859330e+00	-1.573980e+00
3.108000e+01	2.497740e+00	1.808700e+00	-1.567660e+00
3.110000e+01	2.260900e+00	1.698280e+00	-1.555390e+00
3.112000e+01	2.022700e+00	1.459180e+00	-1.546000e+00
3.114000e+01	1.751240e+00	1.177100e+00	-1.576860e+00
3.116000e+01	1.426520e+00	8.619560e-01	-1.563050e+00
3.118000e+01	1.103500e+00	5.026560e-01	-1.556500e+00
3.120000e+01	8.055030e-01	1.464960e-01	-1.532430e+00
3.122000e+01	5.477830e-01	-2.275240e-01	-1.454740e+00
3.124000e+01	3.301630e-01	-6.381440e-01	-1.387840e+00
3.126000e+01	1.669650e-01	-1.046580e+00	-1.322080e+00
3.128000e+01	9.318070e-02	-1.361740e+00	-1.257060e+00
3.130000e+01	3.384470e-02	-1.636480e+00	-1.195060e+00
3.132000e+01	-9.323250e-03	-1.868400e+00	-1.093730e+00
3.134000e+01	-1.003610e-01	-2.091520e+00	-9.583980e-01
3.136000e+01	-2.207190e-01	-2.303720e+00	-8.089120e-01
3.138000e+01	-3.639110e-01	-2.479550e+00	-6.536320e-01
3.140000e+01	-5.338390e-01	-2.623440e+00	-4.768680e-01
3.142000e+01	-7.075710e-01	-2.722690e+00	-3.024160e-01
3.144000e+01	-8.982350e-01	-2.798810e+00	-1.446040e-01
3.146000e+01	-1.100840e+00	-2.831170e+00	1.871620e-03
3.148000e+01	-1.357160e+00	-2.786930e+00	1.354900e-01
3.150000e+01	-1.666300e+00	-2.650480e+00	2.663980e-01
3.152000e+01	-1.980880e+00	-2.490740e+00	3.984780e-01
3.154000e+01	-2.263800e+00	-2.330000e+00	4.884020e-01
3.156000e+01	-2.491220e+00	-2.150440e+00	5.371320e-01
3.158000e+01	-2.652550e+00	-1.965960e+00	5.837900e-01
3.160000e+01	-2.807620e+00	-1.761940e+00	6.543740e-01
3.162000e+01	-2.903340e+00	-1.570570e+00	7.804620e-01
3.164000e+01	-2.963910e+00	-1.405640e+00	8.971960e-01
3.166000e+01	-3.010900e+00	-1.289040e+00	1.015580e+00
3.168000e+01	-3.031030e+00	-1.265590e+00	1.138020e+00
3.170000e+01	-3.023580e+00	-1.316560e+00	1.280610e+00
3.172000e+01	-3.029470e+00	-1.405430e+00	1.432010e+00
3.174000e+01	-3.033190e+00	-1.540740e+00	1.549760e+00
3.176000e+01	-3.030260e+00	-1.702510e+00	1.633860e+00
3.178000e+01	-2.999580e+00	-1.873570e+00	1.673830e+00
3.180000e+01	-2.900510e+00	-2.117450e+00	1.703780e+00
3.182000e+01	-2.798650e+00	-2.408950e+00	1.739540e+00
3.184000e+01	-2.760590e+00	-2.738330e+00	1.749230e+00
3.186000e+01	-2.796160e+00	-3.074030e+00	1.680550e+00
3.188000e+01	-2.807910e+00	-3.405090e+00	1.546850e+00
3.190000e+01	-2.805080e+00	-3.715350e+00	1.429070e+00
3.192000e+01	-2.820240e+00	-3.989190e+00	1.339770e+00
3.194000e+01	-2.867920e+00	-4.198570e+00	1.274130e+00
3.196000e+01	-2.922240e+00	-4.348630e+00	1.225580e+00
3.198000e+01	-2.978590e+00	-4.446880e+00	1.184760e+00
3.200000e+01	-3.060860e+00	-4.497470e+00	1.177940e+00
3.202000e+01	-3.161630e+00	-4.577560e+00	1.235620e+00
3.204000e+01	-3.293650e+00	-4.632280e+00	1.310980e+00
3.206000e+01	-3.438000e+00	-4.676150e+00	1.335650e+00
3.208000e+01	-3.601540e+00	-4.683340e+00	1.265420e+00
3.210000e+01	-3.743350e+00	-4.606380e+00	1.201780e+00
3.212000e+01	-3.821560e+00	-4.512580e+00	1.135720e+00
3.214000e+01	-3.904790e+00	-4.389210e+00	1.006680e+00
3.216000e+01	-4.003430e+00	-4.235130e+00	8.568780e-01
3.218000e+01	-4.136860e+00	-4.066130e+00	7.130320e-01
3.220000e+01	-4.250280e+00	-3.815730e+00	5.934940e-01
3.222000e+01	-4.308620e+00	-3.470450e+00	4.509740e-01
3.224000e+01	-4.320660e+00	-3.032290e+00	3.353620e-01
3.226000e+01	-4.279700e+00	-2.529170e+00	2.648120e-01
3.228000e+01	-4.272790e+00	-1.993850e+00	2.230340e-01
3.230000e+01	-4.271360e+00	-1.507670e+00	2.117480e-01
3.232000e+01	-4.284060e+00	-1.043870e+00	1.844460e-01
3.234000e+01	-4.238020e+00	-6.319260e-01	1.564960e-01
3.236000e+01	-4.146180e+00	-2.729260e-01	9.890200e-02
3.238000e+01	-4.032370e+00	6.977390e-02	4.116000e-02
3.240000e+01	-3.842580e+00	3.932140e-01	-1.716400e-02
3.242000e+01	-3.600560e+00	6.754940e-01	-1.137460e-01
3.244000e+01	-3.282980e+00	9.589540e-01	-1.712740e-01
3.246000e+01	-2.915640e+00	1.219610e+00	-2.301940e-01
3.248000e+01	-2.541290e+00	1.409930e+00	-2.800700e-01
3.250000e+01	-2.193560e+00	1.530390e+00	-3.281800e-01
3.252000e+01	-1.814740e+00	1.565920e+00	-3.427380e-01
3.254000e+01	-1.415390e+00	1.553770e+00	-3.186000e-01
3.256000e+01	-1.024270e+00	1.530320e+00	-2.850520e-01
3.258000e+01	-7.087050e-01	1.539010e+00	-2.334900e-01
3.260000e+01	-4.963250e-01	1.529630e+00	-1.670980e-01
3.262000e+01	-3.656350e-01	1.495800e+00	-6.442000e-02
3.264000e+01	-3.191690e-01	1.459770e+00	-3.695970e-03
3.266000e+01	-3.162840e-01	1.400380e+00	3.051800e-02
3.268000e+01	-3.253150e-01	1.343400e+00	7.749200e-02
3.270000e+01	-3.203720e-01	1.305440e+00	1.415280e-01
3.272000e+01	-2.909840e-01	1.320550e+00	2.012160e-01
3.274000e+01	-1.935020e-01	1.406030e+00	2.436340e-01
3.276000e+01	-4.607180e-02	1.530240e+00	3.005700e-01
3.278000e+01	1.626680e-01	1.669920e+00	4.213500e-01
3.280000e+01	4.505480e-01	1.837740e+00	5.674680e-01
3.282000e+01	7.745480e-01	2.035210e+00	6.899240e-01
3.284000e+01	1.098610e+00	2.270410e+00	7.536560e-01
3.286000e+01	1.393230e+00	2.520430e+00	7.862620e-01
3.288000e+01	1.658450e+00	2.742870e+00	8.191880e-01
3.290000e+01	1.900250e+00	2.925410e+00	8.515740e-01
3.292000e+01	2.133890e+00	3.025390e+00	8.402400e-01
3.294000e+01	2.367930e+00	3.051080e+00	8.270140e-01
3.296000e+01	2.598990e+00	2.997630e+00	8.664400e-01
3.298000e+01	2.775730e+00	2.845990e+00	9.043380e-01
3.300000e+01	2.854400e+00	2.590350e+00	9.540900e-01
3.302000e+01	2.851800e+00	2.269050e+00	9.527720e-01
3.304000e+01	2.787880e+00	1.950870e+00	9.131900e-01
3.306000e+01	2.702520e+00	1.644730e+00	9.059330e-01
3.308000e+01	2.617790e+00	1.344830e+00	9.460990e-01
3.310000e+01	2.496900e+00	1.079150e+00	9.773410e-01
3.312000e+01	2.324040e+00	8.084300e-01	9.833080e-01
3.314000e+01	2.111260e+00	5.278700e-01	9.454260e-01
3.316000e+01	1.859740e+00	2.402300e-01	8.992260e-01
3.318000e+01	1.606940e+00	-2.774990e-02	8.673200e-01
3.320000e+01	1.355640e+00	-2.608100e-01	8.292280e-01
3.322000e+01	1.112520e+00	-4.827500e-01	8.148850e-01
3.324000e+01	8.386810e-01	-6.707820e-01	7.970160e-01
3.326000e+01	5.345610e-01	-8.457860e-01	8.108750e-01
3.328000e+01	2.620410e-01	-1.023390e+00	8.220190e-01
3.330000e+01	1.602080e-02	-1.192400e+00	8.190430e-01
3.332000e+01	-2.370990e-01	-1.363040e+00	7.972670e-01
3.334000e+01	-5.069590e-01	-1.577380e+00	7.354030e-01
3.336000e+01	-7.637990e-01	-1.769510e+00	6.721590e-01
3.338000e+01	-9.851390e-01	-1.942150e+00	5.891930e-01
3.340000e+01	-1.133910e+00	-2.111640e+00	5.110390e-01
3.342000e+01	-1.235950e+00	-2.219410e+00	4.573850e-01
3.344000e+01	-1.279580e+00	-2.300110e+00	3.999590e-01
3.346000e+01	-1.261550e+00	-2.369560e+00	3.448350e-01
3.348000e+01	-1.200840e+00	-2.418700e+00	3.064670e-01
3.350000e+01	-1.142190e+00	-2.472880e+00	2.770570e-01
3.352000e+01	-1.076530e+00	-2.516700e+00	2.279890e-01
3.354000e+01	-9.665100e-01	-2.525090e+00	1.315470e-01
3.356000e+01	-8.371120e-01	-2.532690e+00	4.257240e-03
3.358000e+01	-6.895760e-01	-2.518940e+00	-1.008110e-01
3.360000e+01	-5.211720e-01	-2.492650e+00	-2.119510e-01
3.362000e+01	-3.243040e-01	-2.441160e+00	-3.104730e-01
3.364000e+01	-1.633800e-01	-2.349730e+00	-4.123090e-01
3.366000e+01	-2.757220e-02	-2.227360e+00	-5.058030e-01
3.368000e+01	1.226680e-01	-2.129460e+00	-5.615590e-01
3.370000e+01	2.776300e-01	-2.072580e+00	-5.860750e-01
3.372000e+01	4.303320e-01	-2.050690e+00	-5.890440e-01
3.374000e+01	5.821640e-01	-2.053300e+00	-6.320780e-01
3.376000e+01	7.245260e-01	-2.039810e+00	-6.661000e-01
3.378000e+01	8.434120e-01	-2.004180e+00	-6.875220e-01
3.380000e+01	9.302560e-01	-1.937560e+00	-7.094320e-01
3.382000e+01	9.858620e-01	-1.817780e+00	-7.565320e-01
3.384000e+01	1.019950e+00	-1.656800e+00	-8.290320e-01
3.386000e+01	1.038770e+00	-1.480800e+00	-8.960440e-01
3.388000e+01	1.060460e+00	-1.267820e+00	-9.499160e-01
3.390000e+01	1.099470e+00	-1.044860e+00	-9.837500e-01
3.392000e+01	1.152000e+00	-8.165360e-01	-9.955690e-01
3.394000e+01	1.181830e+00	-5.992360e-01	-9.957080e-01
3.396000e+01	1.200720e+00	-3.896360e-01	-9.756240e-01
3.398000e+01	1.219080e+00	-1.792560e-01	-9.467140e-01
3.400000e+01	1.230940e+00	1.551790e-02	-9.177940e-01
3.402000e+01	1.261940e+00	1.752340e-01	-8.974580e-01
3.404000e+01	1.331620e+00	3.153860e-01	-8.703580e-01
3.406000e+01	1.429060e+00	4.265820e-01	-8.510550e-01
3.408000e+01	1.519730e+00	5.120400e-01	-8.458380e-01
3.410000e+01	1.582940e+00	5.680180e-01	-8.470050e-01
3.412000e+01	1.630670e+00	6.127760e-01	-8.253190e-01
3.414000e+01	1.656510e+00	6.445400e-01	-7.853210e-01
3.416000e+01	1.663220e+00	6.680940e-01	-7.373650e-01
3.418000e+01	1.630390e+00	7.000420e-01	-6.782570e-01
3.420000e+01	1.584970e+00	7.093470e-01	-6.324630e-01
3.422000e+01	1.557630e+00	7.246680e-01	-5.755650e-01
3.424000e+01	1.543710e+00	7.382160e-01	-5.033830e-01
3.426000e+01	1.535910e+00	7.301470e-01	-4.297550e-01
3.428000e+01	1.520420e+00	7.064690e-01	-3.661790e-01
3.430000e+01	1.498220e+00	6.759790e-01	-3.001610e-01
3.432000e+01	1.461030e+00	6.293470e-01	-2.360170e-01
3.434000e+01	1.415110e+00	5.809830e-01	-1.804430e-01
3.436000e+01	1.355470e+00	5.340510e-01	-1.236410e-01
3.438000e+01	1.293260e+00	4.888650e-01	-6.596720e-02
3.440000e+01	1.231380e+00	4.689120e-01	-1.651520e-02
3.442000e+01	1.177770e+00	4.770080e-01	4.473480e-02
3.444000e+01	1.130250e+00	4.909840e-01	1.027550e-01
3.446000e+01	1.089970e+00	5.102090e-01	1.435630e-01
3.448000e+01	1.051410e+00	5.306010e-01	1.787930e-01
3.450000e+01	1.004240e+00	5.651830e-01	2.015230e-01
3.452000e+01	9.530830e-01	6.157870e-01	2.187380e-01
3.454000e+01	9.061850e-01	6.824670e-01	2.296330e-01
3.456000e+01	8.647990e-01	7.408670e-01	2.426180e-01
3.458000e+01	8.342290e-01	7.738710e-01	2.674880e-01
3.460000e+01	8.145540e-01	8.025890e-01	2.974220e-01
3.462000e+01	8.002340e-01	8.206320e-01	3.332440e-01
3.464000e+01	7.823430e-01	8.470180e-01	3.679840e-01
3.466000e+01	7.460670e-01	8.721280e-01	3.969260e-01
3.468000e+01	7.063890e-01	8.926540e-01	4.149650e-01
3.470000e+01	6.643430e-01	9.054700e-01	4.199820e-01
3.472000e+01	6.253790e-01	9.026830e-01	4.177620e-01
3.474000e+01	5.876650e-01	8.919010e-01	4.191370e-01
3.476000e+01	5.601810e-01	8.726550e-01	4.269920e-01
3.478000e+01	5.306790e-01	8.544130e-01	4.366660e-01
3.480000e+01	4.957330e-01	8.401500e-01	4.488840e-01
3.482000e+01	4.601990e-01	8.181600e-01	4.558940e-01
3.484000e+01	4.220810e-01	7.934900e-01	4.549190e-01
3.486000e+01	3.874130e-01	7.591480e-01	4.464510e-01
3.488000e+01	3.505430e-01	7.188380e-01	4.286140e-01
3.490000e+01	3.145930e-01	6.786620e-01	4.040660e-01
3.492000e+01	2.696030e-01	6.456260e-01	3.742640e-01
3.494000e+01	2.162930e-01	6.198300e-01	3.447940e-01
3.496000e+01	1.574030e-01	5.884440e-01	3.225400e-01
3.498000e+01	9.788710e-02	5.516120e-01	2.996340e-01
3.500000e+01	4.061510e-02	5.159040e-01	2.744700e-01
3.502000e+01	-1.334290e-02	4.808660e-01	2.453620e-01
3.504000e+01	-6.653890e-02	4.565180e-01	2.128180e-01
3.506000e+01	-1.138510e-01	4.471210e-01	1.819260e-01
3.508000e+01	-1.556470e-01	4.411480e-01	1.459420e-01
3.510000e+01	-1.947590e-01	4.431790e-01	1.125480e-01
3.512000e+01	-2.235550e-01	4.382040e-01	8.199450e-02
3.514000e+01	-2.440070e-01	4.314190e-01	5.290250e-02
3.516000e+01	-2.579340e-01	4.270510e-01	2.462650e-02
3.518000e+01	-2.686500e-01	4.156750e-01	-3.341540e-03
3.520000e+01	-2.735650e-01	3.994960e-01	-2.701150e-02
3.522000e+01	-2.730910e-01	3.770600e-01	-4.859550e-02
3.524000e+01	-2.661740e-01	3.498460e-01	-6.471570e-02
3.526000e+01	-2.564860e-01	3.190020e-01	-7.753390e-02
3.528000e+01	-2.485550e-01	2.907460e-01	-8.896950e-02
3.530000e+01	-2.430220e-01	2.665880e-01	-9.683830e-02
3.532000e+01	-2.408850e-01	2.466640e-01	-1.016440e-01
3.534000e+01	-2.422920e-01	2.310920e-01	-1.072460e-01
3.536000e+01	-2.469200e-01	2.154700e-01	-1.101310e-01
3.538000e+01	-2.515150e-01	2.030560e-01	-1.111180e-01
3.540000e+01	-2.552380e-01	1.916660e-01	-1.101540e-01
3.542000e+01	-2.553390e-01	1.793730e-01	-1.071760e-01
3.544000e+01	-2.516760e-01	1.642100e-01	-1.038020e-01
3.546000e+01	-2.450830e-01	1.476830e-01	-9.981060e-02
3.548000e+01	-2.373710e-01	1.316050e-01	-9.615740e-02
3.550000e+01	-2.285860e-01	1.185450e-01	-9.312520e-02
3.552000e+01	-2.179690e-01	1.094200e-01	-9.139310e-02
3.554000e+01	-2.066700e-01	1.020200e-01	-8.935270e-02
3.556000e+01	-1.943600e-01	9.668070e-02	-8.752480e-02
3.558000e+01	-1.821700e-01	9.258070e-02	-8.558480e-02
3.560000e+01	-1.707570e-01	8.925870e-02	-8.278000e-02
3.562000e+01	-1.591300e-01	8.461870e-02	-7.947880e-02
3.564000e+01	-1.462430e-01	8.023890e-02	-7.505860e-02
3.566000e+01	-1.325980e-01	7.566530e-02	-7.047600e-02
3.568000e+01	-1.182490e-01	7.097730e-02	-6.596080e-02
3.570000e+01	-1.038160e-01	6.657230e-02	-6.116540e-02
3.572000e+01	-8.983240e-02	6.206170e-02	-5.611980e-02
3.574000e+01	-7.644880e-02	5.824750e-02	-5.104820e-02
3.576000e+01	-6.374100e-02	5.471790e-02	-4.597700e-02
3.578000e+01	-5.225140e-02	5.206410e-02	-4.111280e-02
3.580000e+01	-4.233400e-02	4.988990e-02	-3.654260e-02
3.582000e+01	-3.364900e-02	4.825420e-02	-3.211680e-02
3.584000e+01	-2.584120e-02	4.719800e-02	-2.789000e-02
3.586000e+01	-1.870400e-02	4.652540e-02	-2.384160e-02
3.588000e+01	-1.213380e-02	4.625170e-02	-2.003240e-02
3.590000e+01	-6.251410e-03	4.634800e-02	-1.644860e-02
3.592000e+01	-1.121810e-03	4.667700e-02	-1.300780e-02
3.594000e+01	3.219190e-03	4.710370e-02	-9.590040e-03
3.596000e+01	6.774590e-03	4.746840e-02	-6.057250e-03
3.598000e+01	9.642790e-03	4.758420e-02	-2.261250e-03
