# Strong motion recording for 1994 Northridge EQ
# Author: Rob Graves
# Date: Wed Mar 03 15:29:39 PST 2010
# 
# Station: lh04
#    longitude: -118.47780
#    latitude: 34.64980
#    closest distance to fault (km): 31.66
#    Vs30 (m/s): 554
#    low freq. corner (Hz): 0.120
#    high freq. corner (Hz): 23.0
#    station operator/owner: CSMIP
#    data source: peer.berkeley.edu/nga
# 
# Data fields are TAB-separated
# 
# Column 1: Time (s)
# Column 2: North-south acceleration (cm/s/s) (+ is northward)
# Column 3: East-west acceleration (cm/s/s) (+ is eastward)
# Column 4: Up-down acceleration (cm/s/s) (+ is upward)
#
0.000000e+00	1.097760e-01	-2.830000e-02	5.828000e-02
2.000000e-02	3.077280e-01	9.643600e-02	1.722000e-01
4.000000e-02	3.716600e-01	1.234540e-01	8.413800e-02
6.000000e-02	1.563000e-01	-2.978000e-02	-3.153020e-01
8.000000e-02	-1.931400e-01	-2.755720e-02	-6.088820e-01
1.000000e-01	-3.294280e-01	1.624810e-03	-4.127180e-01
1.200000e-01	-1.341480e-01	-7.343720e-02	-9.329800e-02
1.400000e-01	6.927200e-02	-1.025090e-01	-6.592800e-02
1.600000e-01	1.482480e-01	-1.546550e-01	-1.612920e-01
1.800000e-01	1.596640e-01	-2.571310e-01	-1.297920e-01
2.000000e-01	1.748460e-01	-3.570430e-01	8.276000e-03
2.200000e-01	2.128240e-01	-3.864310e-01	1.313400e-01
2.400000e-01	4.676440e-01	-2.877970e-01	3.713400e-01
2.600000e-01	7.810840e-01	-3.625870e-01	6.242600e-01
2.800000e-01	9.559820e-01	-4.945130e-01	6.608840e-01
3.000000e-01	8.789680e-01	-4.214490e-01	4.822160e-01
3.200000e-01	6.414680e-01	-4.073990e-01	3.014900e-01
3.400000e-01	4.145280e-01	-4.972510e-01	1.961760e-01
3.600000e-01	2.483900e-01	-4.060490e-01	1.855830e-01
3.800000e-01	4.077580e-01	-3.392590e-01	3.398170e-01
4.000000e-01	5.897260e-01	-2.382650e-01	3.484440e-01
4.200000e-01	5.836830e-01	-6.990660e-02	1.934320e-01
4.400000e-01	4.180870e-01	-1.746590e-03	1.637200e-01
4.600000e-01	3.272610e-01	-6.570660e-02	3.012560e-01
4.800000e-01	3.802910e-01	-2.391710e-01	4.913100e-01
5.000000e-01	4.632250e-01	-3.775310e-01	6.333980e-01
5.200000e-01	6.589750e-01	-4.800070e-01	7.828940e-01
5.400000e-01	8.704150e-01	-5.815390e-01	8.399560e-01
5.600000e-01	1.042970e+00	-5.562690e-01	7.957400e-01
5.800000e-01	1.031430e+00	-3.195290e-01	7.844070e-01
6.000000e-01	1.005130e+00	-1.604270e-01	7.770600e-01
6.200000e-01	8.905800e-01	-1.861170e-01	6.751180e-01
6.400000e-01	7.019120e-01	-2.860690e-01	5.631320e-01
6.600000e-01	5.160740e-01	-3.134130e-01	3.569320e-01
6.800000e-01	3.666460e-01	-2.780150e-01	4.299180e-02
7.000000e-01	2.981960e-01	-1.749290e-01	-1.087700e-01
7.200000e-01	1.794420e-01	-7.726260e-02	-1.030100e-01
7.400000e-01	1.609780e-01	-1.352490e-01	-5.870240e-02
7.600000e-01	1.997580e-01	-2.301550e-01	-1.125320e-01
7.800000e-01	2.046260e-01	-3.117070e-01	-2.132280e-01
8.000000e-01	1.218280e-01	-3.819690e-01	-3.009120e-01
8.200000e-01	-2.736220e-02	-3.670730e-01	-2.905130e-01
8.400000e-01	-1.586520e-01	-3.305790e-01	-2.395650e-01
8.600000e-01	-3.602520e-01	-4.008870e-01	-3.791730e-01
8.800000e-01	-2.536000e-01	-5.200410e-01	-2.586770e-01
9.000000e-01	-9.112020e-02	-6.189570e-01	-1.192430e-01
9.200000e-01	-1.485080e-01	-5.637350e-01	-2.511150e-01
9.400000e-01	-2.388660e-01	-2.231750e-01	-3.923910e-01
9.600000e-01	-3.430240e-01	1.860500e-02	-3.524930e-01
9.800000e-01	-2.690420e-01	-1.314810e-01	-1.666990e-01
1.000000e-00	-2.340740e-01	-2.702950e-01	-6.959720e-02
1.020000e+00	-1.802020e-01	-3.675790e-01	-5.242080e-02
1.040000e+00	-3.857020e-01	-4.075030e-01	-3.585210e-01
1.060000e+00	-7.123420e-01	-3.232450e-01	-6.836210e-01
1.080000e+00	-7.990880e-01	-1.874490e-01	-5.922530e-01
1.100000e+00	-7.093140e-01	-9.578980e-03	-4.355590e-01
1.120000e+00	-4.641740e-01	1.746300e-02	-2.779630e-01
1.140000e+00	-2.703700e-01	5.175500e-02	-1.539630e-01
1.160000e+00	-2.342320e-01	3.544280e-02	-8.789680e-02
1.180000e+00	-3.176580e-01	-1.130270e-01	-2.174780e-03
1.200000e+00	-3.810000e-01	-1.833810e-01	1.942970e-01
1.220000e+00	-4.426880e-01	-4.656410e-01	2.247730e-01
1.240000e+00	-6.106500e-01	-7.919810e-01	-8.212680e-02
1.260000e+00	-7.265900e-01	-8.173530e-01	-3.162470e-01
1.280000e+00	-7.934060e-01	-6.893610e-01	-4.802470e-01
1.300000e+00	-1.001270e+00	-4.443210e-01	-7.612270e-01
1.320000e+00	-1.251690e+00	-2.154120e-02	-9.836870e-01
1.340000e+00	-1.171550e+00	2.873990e-01	-6.427270e-01
1.360000e+00	-7.068140e-01	2.083310e-01	-6.962680e-02
1.380000e+00	-3.637540e-01	5.502280e-02	1.664730e-01
1.400000e+00	-1.452540e-01	-2.257120e-02	2.678350e-01
1.420000e+00	1.399060e-01	-1.532110e-01	4.148290e-01
1.440000e+00	4.460260e-01	-2.599710e-01	5.703710e-01
1.460000e+00	8.685660e-01	-1.761050e-01	6.907730e-01
1.480000e+00	1.025820e+00	-1.709190e-01	5.981250e-01
1.500000e+00	1.239300e+00	-3.259270e-01	8.093050e-01
1.520000e+00	1.290830e+00	-2.974150e-01	8.564930e-01
1.540000e+00	8.841480e-01	-1.423550e-01	2.173930e-01
1.560000e+00	2.822280e-01	9.490620e-03	-2.608270e-01
1.580000e+00	-2.396720e-01	1.845790e-01	-1.486770e-01
1.600000e+00	-4.846920e-01	2.789060e-02	-9.373670e-02
1.620000e+00	-5.017450e-01	-7.697940e-02	-2.943570e-01
1.640000e+00	-2.441650e-01	-3.723140e-02	-4.782410e-01
1.660000e+00	-4.941050e-01	-2.176510e-01	-8.156210e-01
1.680000e+00	-1.000340e+00	-3.742310e-01	-1.412620e+00
1.700000e+00	-1.292640e+00	-2.860310e-01	-1.472070e+00
1.720000e+00	-9.394250e-01	-2.427690e-01	-7.290670e-01
1.740000e+00	-4.657450e-01	-3.068250e-01	-2.042870e-01
1.760000e+00	-1.015250e-01	-3.012110e-01	-5.855070e-02
1.780000e+00	1.132750e-01	-3.130780e-01	1.287310e-01
1.800000e+00	2.069350e-01	-4.166940e-01	4.281310e-01
1.820000e+00	2.839830e-01	-3.857800e-01	8.336510e-01
1.840000e+00	2.031290e-01	-1.080000e-01	9.274890e-01
1.860000e+00	-1.207100e-02	-6.189400e-02	5.269490e-01
1.880000e+00	-1.723830e-01	-2.605940e-01	2.163690e-01
1.900000e+00	-2.546890e-01	-3.366300e-01	-7.637070e-02
1.920000e+00	-3.761410e-01	-1.871180e-01	-3.952110e-01
1.940000e+00	-6.387810e-01	-3.767600e-02	-7.236910e-01
1.960000e+00	-8.140530e-01	8.560000e-02	-8.575470e-01
1.980000e+00	-9.451390e-01	5.499000e-02	-9.494350e-01
2.000000e+00	-1.319620e+00	-1.525700e-01	-1.319050e+00
2.020000e+00	-1.700760e+00	-3.206480e-01	-1.542630e+00
2.040000e+00	-1.922020e+00	-2.471660e-01	-1.375200e+00
2.060000e+00	-1.834300e+00	-3.476220e-01	-1.345140e+00
2.080000e+00	-1.751630e+00	-3.898340e-01	-1.317060e+00
2.100000e+00	-1.742160e+00	-3.530260e-01	-1.182540e+00
2.120000e+00	-1.807960e+00	-6.046060e-01	-8.257210e-01
2.140000e+00	-1.457220e+00	-7.521960e-01	-2.431210e-01
2.160000e+00	-9.969240e-01	-5.586460e-01	3.171790e-01
2.180000e+00	-2.835640e-01	-2.685860e-01	9.852390e-01
2.200000e+00	1.403620e-02	-2.724600e-02	1.388220e+00
2.220000e+00	-1.847080e-01	-1.181120e-02	1.309030e+00
2.240000e+00	-3.179540e-01	-4.055520e-02	1.065210e+00
2.260000e+00	-5.429740e-01	6.795680e-02	1.058090e+00
2.280000e+00	-4.518460e-01	6.276680e-02	1.159820e+00
2.300000e+00	-2.045260e-01	4.221670e-01	1.095820e+00
2.320000e+00	1.483420e-02	7.260670e-01	8.022240e-01
2.340000e+00	1.109900e-01	6.899730e-01	4.262040e-01
2.360000e+00	-1.454900e-01	6.466050e-01	-1.257760e-01
2.380000e+00	-5.323100e-01	3.662250e-01	-3.968360e-01
2.400000e+00	-6.158500e-01	9.780480e-02	-2.021660e-01
2.420000e+00	-4.096100e-01	-4.943920e-02	9.205380e-02
2.440000e+00	-6.849810e-03	-3.152390e-01	1.980980e-01
2.460000e+00	-4.905580e-02	-4.260010e-01	1.530680e-01
2.480000e+00	-2.878160e-01	-5.175790e-01	2.225700e-01
2.500000e+00	-4.082920e-01	-6.575990e-01	2.617360e-01
2.520000e+00	-2.920420e-01	-3.564590e-01	5.526760e-01
2.540000e+00	-1.131680e-01	-2.107920e-02	9.210360e-01
2.560000e+00	2.172020e-02	1.222370e-01	1.220840e+00
2.580000e+00	2.026580e-01	2.750070e-01	1.223750e+00
2.600000e+00	2.297820e-01	4.367550e-01	1.111150e+00
2.620000e+00	3.290120e-01	6.297130e-01	9.258540e-01
2.640000e+00	3.231000e-01	1.043110e+00	7.780980e-01
2.660000e+00	4.107880e-01	1.050560e+00	6.072320e-01
2.680000e+00	2.309320e-01	7.569410e-01	4.899170e-02
2.700000e+00	1.871820e-01	4.749010e-01	-1.994680e-01
2.720000e+00	2.530840e-01	1.141610e-01	-3.803580e-01
2.740000e+00	1.510840e-01	-2.473880e-02	-6.533780e-01
2.760000e+00	1.148080e-01	-2.086840e-03	-7.624420e-01
2.780000e+00	-1.433720e-01	1.732930e-01	-5.741180e-01
2.800000e+00	-3.759920e-01	-7.946680e-02	-6.457720e-01
2.820000e+00	-6.531320e-01	-2.847270e-01	-8.704720e-01
2.840000e+00	-9.211320e-01	-3.703350e-01	-9.709240e-01
2.860000e+00	-1.277690e+00	-3.129410e-01	-9.133360e-01
2.880000e+00	-1.020490e+00	1.670190e-01	-6.934560e-01
2.900000e+00	-6.199320e-01	5.201790e-01	-6.258980e-01
2.920000e+00	-8.666920e-01	5.565590e-01	-6.914820e-01
2.940000e+00	-1.219810e+00	5.205850e-01	-4.980840e-01
2.960000e+00	-1.250960e+00	4.993330e-01	1.438560e-01
2.980000e+00	-1.016140e+00	5.800750e-01	5.244160e-01
3.000000e+00	-8.544680e-01	9.842750e-01	5.848600e-01
3.020000e+00	-7.997220e-01	1.116320e+00	6.959160e-01
3.040000e+00	-9.708120e-01	8.389790e-01	7.126580e-01
3.060000e+00	-1.197890e+00	5.215590e-01	2.166180e-01
3.080000e+00	-1.353600e+00	3.910750e-01	-4.103820e-01
3.100000e+00	-1.367880e+00	4.199030e-01	-7.758820e-01
3.120000e+00	-1.247060e+00	1.887230e-01	-8.373100e-01
3.140000e+00	-1.047390e+00	-3.497680e-02	-8.471410e-01
3.160000e+00	-1.155070e+00	-1.185480e-02	-1.142060e+00
3.180000e+00	-1.502570e+00	-1.727620e-02	-1.336390e+00
3.200000e+00	-1.898130e+00	-1.205440e-01	-1.222400e+00
3.220000e+00	-2.161070e+00	-2.347260e-01	-7.840410e-01
3.240000e+00	-1.933910e+00	-3.742920e-01	-4.672410e-01
3.260000e+00	-1.737220e+00	-4.376960e-01	-4.914130e-01
3.280000e+00	-1.863560e+00	-6.028300e-01	-6.964330e-01
3.300000e+00	-2.151660e+00	-6.770160e-01	-5.276080e-01
3.320000e+00	-1.897900e+00	-5.143620e-01	5.489250e-02
3.340000e+00	-1.248480e+00	-2.261020e-01	4.617320e-01
3.360000e+00	-6.437790e-01	2.757780e-01	8.983120e-01
3.380000e+00	-7.425490e-01	3.737580e-01	7.173140e-01
3.400000e+00	-1.069790e+00	1.809900e-01	4.896140e-01
3.420000e+00	-1.057940e+00	1.285000e-01	6.686160e-01
3.440000e+00	-8.630740e-01	2.583380e-01	8.026340e-01
3.460000e+00	-5.822540e-01	4.087240e-01	8.403540e-01
3.480000e+00	-4.753240e-01	4.894440e-01	8.248630e-01
3.500000e+00	-4.669270e-01	1.210040e-01	6.850350e-01
3.520000e+00	-1.068750e+00	-1.150560e-01	9.429490e-02
3.540000e+00	-1.524430e+00	1.287240e-01	-3.044910e-02
3.560000e+00	-1.200810e+00	2.145800e-01	1.011170e+00
3.580000e+00	-5.823870e-01	7.805170e-02	1.250430e+00
3.600000e+00	-4.100910e-01	-6.098430e-02	5.350110e-01
3.620000e+00	-5.778010e-01	-2.010860e-01	5.065090e-02
3.640000e+00	-8.127410e-01	-3.944880e-01	-7.064710e-02
3.660000e+00	-5.383210e-01	-2.872720e-01	6.693730e-01
3.680000e+00	3.510390e-01	2.983480e-01	1.532110e+00
3.700000e+00	1.090100e+00	6.337880e-01	1.699850e+00
3.720000e+00	8.960610e-01	5.933820e-01	1.464070e+00
3.740000e+00	4.379210e-01	5.344980e-01	1.768290e+00
3.760000e+00	4.817750e-01	3.166780e-01	2.587510e+00
3.780000e+00	8.705150e-01	2.485140e-01	2.824950e+00
3.800000e+00	1.380250e+00	5.384140e-01	2.436490e+00
3.820000e+00	1.657770e+00	6.350080e-01	2.115710e+00
3.840000e+00	1.459540e+00	2.105880e-01	1.559990e+00
3.860000e+00	1.408300e+00	-6.335230e-02	1.388940e+00
3.880000e+00	1.703960e+00	4.182770e-02	1.383520e+00
3.900000e+00	1.898900e+00	2.335980e-01	1.260960e+00
3.920000e+00	2.162020e+00	3.461140e-01	1.123820e+00
3.940000e+00	2.051950e+00	5.304700e-01	9.469680e-01
3.960000e+00	1.689210e+00	5.322490e-01	8.385250e-01
3.980000e+00	1.135330e+00	6.279010e-01	7.157300e-01
4.000000e+00	9.516530e-01	6.626710e-01	5.411870e-01
4.020000e+00	8.690130e-01	6.300130e-01	3.460110e-01
4.040000e+00	6.910230e-01	7.939550e-01	2.332850e-01
4.060000e+00	5.510070e-01	7.960130e-01	2.736150e-01
4.080000e+00	2.353070e-01	6.047650e-01	2.183090e-01
4.100000e+00	-1.533530e-01	4.444310e-01	5.451450e-02
4.120000e+00	-2.718690e-01	3.491730e-01	1.837230e-01
4.140000e+00	-3.948770e-01	2.051590e-01	1.320010e-01
4.160000e+00	-4.863570e-01	2.037080e-01	1.049550e-01
4.180000e+00	-4.007950e-01	4.172480e-01	-3.249950e-02
4.200000e+00	-3.578690e-01	4.229580e-01	-1.283470e-01
4.220000e+00	-1.394490e-01	1.881580e-01	-1.092440e-01
4.240000e+00	-5.255320e-02	4.349980e-01	-3.696570e-02
4.260000e+00	2.753470e-01	5.937300e-01	-2.282250e-02
4.280000e+00	3.387950e-01	6.793320e-01	4.887530e-03
4.300000e+00	2.485170e-01	7.761380e-01	2.365880e-01
4.320000e+00	1.829270e-01	7.251900e-01	4.157360e-01
4.340000e+00	-1.972730e-01	4.566700e-01	5.466540e-01
4.360000e+00	-3.692710e-01	4.965010e-02	7.467340e-01
4.380000e+00	-4.567650e-01	-7.978190e-02	8.606460e-01
4.400000e+00	-5.107450e-01	-3.084620e-01	7.015100e-01
4.420000e+00	-5.756590e-01	-3.158690e-01	4.654100e-01
4.440000e+00	-7.996190e-01	-1.132890e-01	3.327280e-01
4.460000e+00	-1.120480e+00	-1.967870e-01	1.924620e-01
4.480000e+00	-1.407180e+00	-1.889730e-01	-1.499180e-01
4.500000e+00	-1.227140e+00	-5.078110e-02	-1.049250e-02
4.520000e+00	-7.987590e-01	2.050690e-02	3.813480e-01
4.540000e+00	-5.856190e-01	1.301350e-01	5.400120e-01
4.560000e+00	-4.814850e-01	2.172270e-01	6.140440e-01
4.580000e+00	-4.177430e-01	2.969510e-01	5.441870e-01
4.600000e+00	-3.587130e-01	3.411090e-01	5.117560e-01
4.620000e+00	-2.882430e-01	3.992530e-01	4.631760e-01
4.640000e+00	-4.213050e-01	2.631950e-01	2.595540e-03
4.660000e+00	-7.115450e-01	-4.278510e-02	-4.282440e-01
4.680000e+00	-7.203890e-01	-6.560310e-02	-3.542740e-01
4.700000e+00	-6.626170e-01	1.812290e-02	-1.843200e-01
4.720000e+00	-6.363110e-01	1.338470e-01	-1.820880e-01
4.740000e+00	-5.447910e-01	1.895350e-01	-2.768760e-01
4.760000e+00	-5.859790e-01	-3.339850e-01	-4.183340e-01
4.780000e+00	-7.882990e-01	-8.160850e-01	-5.107420e-01
4.800000e+00	-9.032490e-01	-5.004250e-01	-5.843760e-01
4.820000e+00	-1.004880e+00	-2.248510e-02	-6.805840e-01
4.840000e+00	-1.055380e+00	2.550950e-01	-7.912020e-01
4.860000e+00	-9.693250e-01	4.072650e-01	-5.156220e-01
4.880000e+00	-8.604210e-01	1.957650e-01	-2.082020e-01
4.900000e+00	-9.239270e-01	6.709090e-02	-2.290800e-01
4.920000e+00	-1.238010e+00	2.349990e-01	-1.959640e-01
4.940000e+00	-1.548310e+00	2.153100e-01	-2.053930e-01
4.960000e+00	-1.902810e+00	1.670200e-01	-4.071130e-01
4.980000e+00	-1.865280e+00	1.150870e-01	-4.963350e-01
5.000000e+00	-1.342620e+00	3.004850e-02	-3.181290e-01
5.020000e+00	-1.072680e+00	-9.065350e-02	-3.517910e-01
5.040000e+00	-9.796770e-01	-1.605290e-01	-4.051070e-01
5.060000e+00	-9.380850e-01	-2.770150e-02	-5.884230e-01
5.080000e+00	-1.016990e+00	7.895050e-02	-6.454250e-01
5.100000e+00	-9.245050e-01	1.426350e-01	-4.333250e-01
5.120000e+00	-8.238130e-01	3.963340e-01	-2.544150e-01
5.140000e+00	-8.278730e-01	5.470460e-01	-9.269550e-02
5.160000e+00	-8.831690e-01	6.464050e-01	-2.195130e-01
5.180000e+00	-1.130370e+00	9.434440e-01	-3.450310e-01
5.200000e+00	-1.298430e+00	9.846250e-01	-2.547950e-01
5.220000e+00	-1.332330e+00	8.186930e-01	-9.713740e-02
5.240000e+00	-1.080350e+00	6.694690e-01	8.079650e-02
5.260000e+00	-8.412270e-01	6.055960e-01	-2.703230e-01
5.280000e+00	-1.069450e+00	6.275540e-01	-7.561030e-01
5.300000e+00	-1.409210e+00	6.059240e-01	-6.559410e-01
5.320000e+00	-1.564690e+00	5.716440e-01	-1.741610e-01
5.340000e+00	-1.125170e+00	4.422840e-01	2.522990e-01
5.360000e+00	-5.472870e-01	3.517050e-01	-1.287210e-01
5.380000e+00	-5.555620e-01	3.412140e-01	-7.321010e-01
5.400000e+00	-1.286780e+00	3.928780e-01	-1.322500e+00
5.420000e+00	-2.126260e+00	6.743380e-01	-1.696880e+00
5.440000e+00	-2.321660e+00	9.423380e-01	-1.433740e+00
5.460000e+00	-2.188710e+00	1.026980e+00	-1.003920e+00
5.480000e+00	-1.966250e+00	1.129880e+00	-3.072020e-01
5.500000e+00	-1.891700e+00	1.242090e+00	8.253850e-02
5.520000e+00	-2.204860e+00	1.141220e+00	1.468020e-01
5.540000e+00	-2.762680e+00	1.012460e+00	2.583560e-01
5.560000e+00	-3.249980e+00	1.035800e+00	4.076320e-01
5.580000e+00	-3.048320e+00	8.128020e-01	7.378930e-01
5.600000e+00	-2.465480e+00	5.379220e-01	1.048770e+00
5.620000e+00	-2.028360e+00	5.231910e-01	1.291530e+00
5.640000e+00	-2.189360e+00	5.602310e-01	1.374250e+00
5.660000e+00	-2.616400e+00	5.346130e-01	1.398230e+00
5.680000e+00	-2.768550e+00	5.194180e-01	1.512350e+00
5.700000e+00	-2.844180e+00	6.830340e-01	1.484980e+00
5.720000e+00	-2.636940e+00	6.038630e-01	1.311180e+00
5.740000e+00	-2.326380e+00	3.111430e-01	1.124550e+00
5.760000e+00	-1.969680e+00	1.761490e-01	1.208230e+00
5.780000e+00	-1.365420e+00	2.949110e-01	1.500530e+00
5.800000e+00	-4.724180e-01	5.615110e-01	1.893930e+00
5.820000e+00	1.793620e-01	4.142710e-01	1.994820e+00
5.840000e+00	1.582360e-01	1.023710e-01	1.433240e+00
5.860000e+00	1.794720e-01	-1.762290e-01	1.278370e+00
5.880000e+00	1.495140e-01	-4.990090e-01	1.667010e+00
5.900000e+00	8.363000e-02	-5.046310e-01	1.938130e+00
5.920000e+00	2.177660e-01	9.386910e-02	2.159290e+00
5.940000e+00	4.710260e-01	3.186490e-01	2.567470e+00
5.960000e+00	5.158440e-01	-1.414910e-01	2.672210e+00
5.980000e+00	2.328040e-01	-3.741310e-01	2.286930e+00
6.000000e+00	-9.803600e-02	-5.203790e-01	2.040210e+00
6.020000e+00	5.325980e-03	-8.834790e-01	1.881860e+00
6.040000e+00	3.043260e-01	-1.191740e+00	1.581620e+00
6.060000e+00	9.516260e-01	-1.422700e+00	1.436740e+00
6.080000e+00	2.079270e+00	-1.848200e+00	1.335020e+00
6.100000e+00	3.069150e+00	-2.362500e+00	1.058060e+00
6.120000e+00	3.730630e+00	-2.554920e+00	5.140240e-01
6.140000e+00	3.785160e+00	-2.358750e+00	-7.413550e-02
6.160000e+00	3.619850e+00	-2.443700e+00	-1.507600e-01
6.180000e+00	3.663890e+00	-2.516280e+00	5.656050e-02
6.200000e+00	3.958050e+00	-2.231940e+00	1.285120e-01
6.220000e+00	4.165350e+00	-1.947780e+00	2.210760e-01
6.240000e+00	3.705010e+00	-1.645140e+00	3.295500e-01
6.260000e+00	2.686270e+00	-1.289280e+00	6.346100e-01
6.280000e+00	1.695550e+00	-1.079360e+00	1.076710e+00
6.300000e+00	9.005060e-01	-1.052040e+00	1.026370e+00
6.320000e+00	6.556460e-01	-1.115160e+00	7.208520e-01
6.340000e+00	6.819760e-01	-1.176130e+00	3.961120e-01
6.360000e+00	6.998010e-01	-1.304610e+00	1.924320e-01
6.380000e+00	6.584290e-01	-1.674410e+00	2.597650e-02
6.400000e+00	7.056890e-01	-2.181870e+00	-1.831040e-01
6.420000e+00	8.470490e-01	-2.613550e+00	-5.205240e-01
6.440000e+00	9.520650e-01	-2.917730e+00	-9.555840e-01
6.460000e+00	1.173320e+00	-3.023380e+00	-8.541980e-01
6.480000e+00	1.269110e+00	-3.153610e+00	-3.862980e-01
6.500000e+00	1.238130e+00	-3.455310e+00	-2.569750e-02
6.520000e+00	9.890870e-01	-3.686130e+00	2.096820e-01
6.540000e+00	6.491870e-01	-3.643150e+00	3.403320e-01
6.560000e+00	3.499670e-01	-3.359830e+00	4.116240e-01
6.580000e+00	-5.921320e-02	-2.984350e+00	5.329460e-01
6.600000e+00	-3.805530e-01	-2.490690e+00	9.080860e-01
6.620000e+00	-1.031930e-01	-2.102550e+00	1.168150e+00
6.640000e+00	6.635470e-01	-1.926400e+00	9.218060e-01
6.660000e+00	1.499410e+00	-1.928440e+00	5.180860e-01
6.680000e+00	1.991930e+00	-2.231880e+00	1.469860e-01
6.700000e+00	2.135420e+00	-2.670780e+00	-1.442540e-01
6.720000e+00	2.216900e+00	-2.985160e+00	-5.549740e-01
6.740000e+00	2.208490e+00	-2.710920e+00	-1.101150e+00
6.760000e+00	2.197590e+00	-1.901780e+00	-1.249490e+00
6.780000e+00	2.114810e+00	-1.063180e+00	-9.138260e-01
6.800000e+00	1.760310e+00	-7.597830e-01	-4.394460e-01
6.820000e+00	1.001330e+00	-9.186190e-01	-1.474260e-01
6.840000e+00	1.265270e-01	-1.198140e+00	-2.324920e-01
6.860000e+00	-2.829530e-01	-1.325260e+00	-1.669060e-01
6.880000e+00	-3.127300e-02	-1.169440e+00	-2.322360e-01
6.900000e+00	4.999070e-01	-9.654030e-01	-8.282960e-01
6.920000e+00	9.468070e-01	-8.582750e-01	-1.687340e+00
6.940000e+00	1.256890e+00	-5.936750e-01	-2.368280e+00
6.960000e+00	1.895090e+00	-1.145150e-01	-2.141660e+00
6.980000e+00	2.480070e+00	3.314250e-01	-1.593140e+00
7.000000e+00	2.993350e+00	6.105250e-01	-1.120460e+00
7.020000e+00	3.636270e+00	4.276830e-01	-6.715150e-01
7.040000e+00	4.152110e+00	2.378300e-02	-4.420350e-01
7.060000e+00	4.306460e+00	-1.984170e-01	-9.607550e-01
7.080000e+00	3.998280e+00	1.470630e-01	-1.835280e+00
7.100000e+00	3.745580e+00	3.742230e-01	-2.614220e+00
7.120000e+00	3.657100e+00	1.436430e-01	-3.387160e+00
7.140000e+00	3.919360e+00	-2.724170e-01	-3.731640e+00
7.160000e+00	4.404320e+00	-7.246970e-01	-3.404420e+00
7.180000e+00	4.965120e+00	-1.164960e+00	-2.993440e+00
7.200000e+00	5.099670e+00	-1.327970e+00	-3.131620e+00
7.220000e+00	4.975980e+00	-8.744510e-01	-3.539280e+00
7.240000e+00	4.857920e+00	-4.402710e-01	-3.736550e+00
7.260000e+00	4.853800e+00	-6.037930e-01	-3.469730e+00
7.280000e+00	5.187440e+00	-9.672730e-01	-3.192430e+00
7.300000e+00	5.856680e+00	-1.024030e+00	-2.929090e+00
7.320000e+00	6.564340e+00	-9.203550e-01	-2.814630e+00
7.340000e+00	6.645920e+00	-3.715150e-01	-3.327350e+00
7.360000e+00	6.154720e+00	5.064250e-01	-4.023550e+00
7.380000e+00	5.423820e+00	7.698450e-01	-4.109890e+00
7.400000e+00	4.597440e+00	6.658500e-02	-3.735770e+00
7.420000e+00	3.744600e+00	-8.503550e-01	-3.450630e+00
7.440000e+00	3.332060e+00	-1.317960e+00	-3.185090e+00
7.460000e+00	2.913000e+00	-1.540810e+00	-3.053500e+00
7.480000e+00	2.086360e+00	-1.513140e+00	-2.932090e+00
7.500000e+00	1.161440e+00	-1.072980e+00	-2.562050e+00
7.520000e+00	1.763560e-01	-3.709390e-01	-2.191250e+00
7.540000e+00	-3.601840e-01	3.767810e-01	-1.912330e+00
7.560000e+00	-2.804160e-01	1.077620e+00	-1.604430e+00
7.580000e+00	-1.793560e-02	1.483660e+00	-1.463980e+00
7.600000e+00	-6.889160e-02	1.507580e+00	-1.807380e+00
7.620000e+00	-7.962720e-01	1.398370e+00	-1.998130e+00
7.640000e+00	-1.544650e+00	1.358470e+00	-1.528470e+00
7.660000e+00	-2.011990e+00	1.289140e+00	-6.756090e-01
7.680000e+00	-2.131080e+00	1.035930e+00	1.396900e-01
7.700000e+00	-1.817360e+00	4.121450e-01	4.586500e-01
7.720000e+00	-1.528500e+00	-1.956350e-01	2.575500e-01
7.740000e+00	-1.290560e+00	-1.392390e-01	-1.654950e-02
7.760000e+00	-1.067720e+00	8.201410e-01	-1.972680e-01
7.780000e+00	-7.756980e-01	2.076360e+00	-1.950740e-01
7.800000e+00	-1.471780e-01	2.327820e+00	-1.526940e-01
7.820000e+00	7.355820e-01	1.376400e+00	-1.488580e-01
7.840000e+00	1.849240e+00	-2.738390e-01	-2.580720e-01
7.860000e+00	2.740500e+00	-1.313460e+00	-7.419320e-01
7.880000e+00	2.887660e+00	-9.257590e-01	-1.210670e+00
7.900000e+00	2.747400e+00	3.709810e-01	-1.587650e+00
7.920000e+00	2.850990e+00	1.727540e+00	-2.024170e+00
7.940000e+00	3.170510e+00	2.475780e+00	-2.174540e+00
7.960000e+00	3.358740e+00	2.639270e+00	-2.005310e+00
7.980000e+00	3.362940e+00	2.447040e+00	-1.854450e+00
8.000000e+00	3.126900e+00	2.107500e+00	-1.987040e+00
8.020000e+00	3.083970e+00	2.096760e+00	-2.447580e+00
8.040000e+00	3.626370e+00	2.206540e+00	-2.946180e+00
8.060000e+00	4.555710e+00	1.955900e+00	-2.889760e+00
8.080000e+00	5.208710e+00	1.802000e+00	-2.414320e+00
8.100000e+00	5.269590e+00	2.013780e+00	-2.060440e+00
8.120000e+00	4.952190e+00	2.081200e+00	-1.801120e+00
8.140000e+00	4.414050e+00	1.750040e+00	-1.733310e+00
8.160000e+00	3.953790e+00	1.910070e+00	-2.028510e+00
8.180000e+00	3.763400e+00	3.018410e+00	-2.288790e+00
8.200000e+00	4.242340e+00	4.424590e+00	-2.446710e+00
8.220000e+00	4.813100e+00	5.753730e+00	-2.345270e+00
8.240000e+00	4.688620e+00	6.414070e+00	-1.971690e+00
8.260000e+00	3.971820e+00	5.904930e+00	-2.143710e+00
8.280000e+00	3.251720e+00	4.837870e+00	-2.211360e+00
8.300000e+00	2.668740e+00	3.846270e+00	-1.852760e+00
8.320000e+00	2.116180e+00	2.956030e+00	-1.469700e+00
8.340000e+00	1.484420e+00	2.338610e+00	-1.220480e+00
8.360000e+00	5.718640e-01	2.122290e+00	-1.203710e+00
8.380000e+00	-4.239760e-01	1.894190e+00	-1.200590e+00
8.400000e+00	-1.116340e+00	1.657590e+00	-1.066290e+00
8.420000e+00	-1.052180e+00	1.173090e+00	-5.733090e-01
8.440000e+00	-3.028240e-01	9.214950e-02	-8.328920e-02
8.460000e+00	5.521760e-01	-1.287330e+00	-2.379230e-01
8.480000e+00	1.115660e+00	-2.016850e+00	-5.636230e-01
8.500000e+00	1.046990e+00	-1.733110e+00	-3.180830e-01
8.520000e+00	7.576740e-01	-8.866700e-01	2.196370e-01
8.540000e+00	6.700600e-01	1.742500e-01	7.840170e-01
8.560000e+00	1.031300e+00	7.303300e-01	9.800810e-01
8.580000e+00	1.750400e+00	4.687300e-01	6.717610e-01
8.600000e+00	1.958240e+00	-7.147040e-02	3.834210e-01
8.620000e+00	1.479120e+00	-2.015520e-01	1.928770e-01
8.640000e+00	8.711200e-01	3.100760e-02	-6.424320e-02
8.660000e+00	9.387020e-01	1.782240e-01	-3.919430e-01
8.680000e+00	1.725780e+00	3.351860e-01	-7.063830e-01
8.700000e+00	2.850900e+00	7.524860e-01	-1.023700e+00
8.720000e+00	3.786740e+00	1.365530e+00	-9.791290e-01
8.740000e+00	4.162020e+00	2.338550e+00	-4.949490e-01
8.760000e+00	3.945000e+00	3.357690e+00	-4.882690e-01
8.780000e+00	3.793500e+00	4.268770e+00	-9.149690e-01
8.800000e+00	3.975890e+00	5.000890e+00	-1.286190e+00
8.820000e+00	3.923200e+00	5.272950e+00	-1.176900e+00
8.840000e+00	3.895810e+00	4.955070e+00	-8.542170e-01
8.860000e+00	3.765520e+00	4.445750e+00	-9.956330e-01
8.880000e+00	3.297340e+00	3.879310e+00	-1.416010e+00
8.900000e+00	2.585980e+00	3.105190e+00	-1.709010e+00
8.920000e+00	2.068320e+00	2.080370e+00	-1.401190e+00
8.940000e+00	1.974080e+00	9.803460e-01	-6.727130e-01
8.960000e+00	2.060760e+00	2.290250e-01	-1.971930e-01
8.980000e+00	2.057650e+00	-3.159550e-01	1.412470e-01
9.000000e+00	1.882640e+00	-8.613340e-01	2.440010e-01
9.020000e+00	1.525620e+00	-1.074710e+00	-1.925590e-01
9.040000e+00	1.140720e+00	-6.310740e-01	-7.041590e-01
9.060000e+00	7.508980e-01	1.119460e-01	-1.087100e+00
9.080000e+00	4.784580e-01	1.153270e+00	-7.869590e-01
9.100000e+00	6.231600e-01	2.259450e+00	5.986110e-02
9.120000e+00	8.239200e-01	2.944410e+00	3.371810e-01
9.140000e+00	9.592080e-01	3.012410e+00	6.714110e-02
9.160000e+00	9.498130e-01	2.897170e+00	-4.460790e-01
9.180000e+00	7.217330e-01	2.872440e+00	-7.076190e-01
9.200000e+00	4.723330e-01	2.800620e+00	-3.001590e-01
9.220000e+00	2.617930e-01	2.779560e+00	1.983210e-01
9.240000e+00	2.286950e-01	2.727860e+00	4.601410e-01
9.260000e+00	3.192410e-01	2.445240e+00	6.015470e-01
9.280000e+00	2.736290e-01	1.685520e+00	7.421310e-01
9.300000e+00	1.335210e-01	6.365040e-01	9.885510e-01
9.320000e+00	-7.345120e-03	2.332440e-01	1.290790e+00
9.340000e+00	1.207990e-01	3.859540e-01	1.441440e+00
9.360000e+00	7.059590e-01	8.968940e-01	1.226040e+00
9.380000e+00	1.232920e+00	1.904910e+00	7.717030e-01
9.400000e+00	1.783680e+00	3.167010e+00	8.508590e-01
9.420000e+00	2.194520e+00	3.917350e+00	1.384840e+00
9.440000e+00	2.204660e+00	3.768870e+00	1.603560e+00
9.460000e+00	2.183090e+00	3.115650e+00	1.471950e+00
9.480000e+00	2.158280e+00	2.005950e+00	1.233730e+00
9.500000e+00	2.287590e+00	4.649920e-01	1.000810e+00
9.520000e+00	1.967450e+00	-4.213480e-01	6.314530e-01
9.540000e+00	1.205830e+00	-7.738840e-02	4.129730e-01
9.560000e+00	3.741540e-01	3.904320e-01	7.555330e-01
9.580000e+00	-5.569460e-01	5.567480e-01	1.454730e+00
9.600000e+00	-1.371210e+00	7.558860e-01	2.048010e+00
9.620000e+00	-1.879850e+00	8.529240e-01	2.272810e+00
9.640000e+00	-1.839310e+00	4.962040e-01	2.193880e+00
9.660000e+00	-1.714470e+00	1.851840e-01	1.757720e+00
9.680000e+00	-1.533640e+00	3.611120e-01	1.266860e+00
9.700000e+00	-9.471000e-01	7.462920e-01	1.142240e+00
9.720000e+00	-3.893400e-01	9.791920e-01	1.259940e+00
9.740000e+00	1.220400e-01	7.676320e-01	1.480150e+00
9.760000e+00	2.987040e-01	4.893720e-01	2.012950e+00
9.780000e+00	1.853320e-01	1.088120e-01	2.824370e+00
9.800000e+00	-1.775280e-01	-2.542880e-01	3.347750e+00
9.820000e+00	-9.202480e-01	1.457520e-01	3.218230e+00
9.840000e+00	-1.556670e+00	9.838520e-01	2.674450e+00
9.860000e+00	-1.940390e+00	1.825190e+00	2.221710e+00
9.880000e+00	-1.845260e+00	2.256230e+00	1.769690e+00
9.900000e+00	-1.243020e+00	2.486930e+00	1.348890e+00
9.920000e+00	-3.323820e-01	2.295780e+00	1.238870e+00
9.940000e+00	2.298380e-01	1.452500e+00	1.261100e+00
9.960000e+00	3.797940e-01	5.232000e-01	1.325060e+00
9.980000e+00	6.342740e-01	-2.759000e-01	1.311390e+00
1.000000e+01	9.130540e-01	-1.096980e+00	1.446200e+00
1.002000e+01	9.014700e-01	-1.855100e+00	1.641880e+00
1.004000e+01	3.109500e-01	-1.983940e+00	1.824070e+00
1.006000e+01	-3.537300e-01	-1.874650e+00	2.126590e+00
1.008000e+01	-9.044700e-01	-1.849980e+00	2.338270e+00
1.010000e+01	-1.520510e+00	-1.893140e+00	2.458780e+00
1.012000e+01	-2.276630e+00	-1.788220e+00	2.512970e+00
1.014000e+01	-3.092310e+00	-1.433720e+00	2.571160e+00
1.016000e+01	-3.596030e+00	-8.853640e-01	2.600970e+00
1.018000e+01	-3.701190e+00	-4.023840e-01	2.553220e+00
1.020000e+01	-3.581990e+00	-4.522560e-01	2.439360e+00
1.022000e+01	-3.341850e+00	-1.012340e+00	2.341250e+00
1.024000e+01	-2.930970e+00	-1.555900e+00	2.218480e+00
1.026000e+01	-2.284870e+00	-1.769700e+00	2.121070e+00
1.028000e+01	-1.978510e+00	-1.734500e+00	2.359910e+00
1.030000e+01	-2.256910e+00	-1.651370e+00	2.698490e+00
1.032000e+01	-2.886670e+00	-1.580020e+00	2.330490e+00
1.034000e+01	-3.030820e+00	-1.546950e+00	1.552190e+00
1.036000e+01	-2.474380e+00	-1.310550e+00	9.351120e-01
1.038000e+01	-2.115060e+00	-9.936540e-01	6.521520e-01
1.040000e+01	-1.962060e+00	-7.948180e-01	6.484730e-01
1.042000e+01	-2.045010e+00	-6.356820e-01	6.733330e-01
1.044000e+01	-1.779630e+00	-6.254770e-01	6.829630e-01
1.046000e+01	-1.371110e+00	-5.753850e-01	6.622530e-01
1.048000e+01	-1.331020e+00	-4.342530e-01	6.969770e-01
1.050000e+01	-1.342510e+00	-5.693890e-01	9.017170e-01
1.052000e+01	-1.389430e+00	-9.412290e-01	1.217880e+00
1.054000e+01	-1.569540e+00	-1.133040e+00	1.227510e+00
1.056000e+01	-1.788300e+00	-1.071850e+00	1.046070e+00
1.058000e+01	-1.941090e+00	-1.090860e+00	1.027820e+00
1.060000e+01	-2.135030e+00	-1.359640e+00	1.026740e+00
1.062000e+01	-2.386870e+00	-1.617640e+00	1.261760e+00
1.064000e+01	-2.474990e+00	-1.667130e+00	1.834660e+00
1.066000e+01	-2.381820e+00	-1.527000e+00	2.399020e+00
1.068000e+01	-2.210630e+00	-1.335380e+00	2.784520e+00
1.070000e+01	-2.043730e+00	-1.141580e+00	2.859250e+00
1.072000e+01	-1.813510e+00	-1.241910e+00	3.025750e+00
1.074000e+01	-1.594470e+00	-1.502390e+00	3.258070e+00
1.076000e+01	-1.564390e+00	-1.464730e+00	3.369700e+00
1.078000e+01	-1.524970e+00	-1.119510e+00	3.346520e+00
1.080000e+01	-1.666000e+00	-1.044740e+00	3.222220e+00
1.082000e+01	-1.901020e+00	-1.109470e+00	3.002180e+00
1.084000e+01	-2.345720e+00	-9.789660e-01	2.558580e+00
1.086000e+01	-2.748460e+00	-8.279400e-01	2.252040e+00
1.088000e+01	-2.713170e+00	-5.536400e-01	2.205480e+00
1.090000e+01	-2.438390e+00	-2.312400e-01	2.284400e+00
1.092000e+01	-1.913830e+00	-2.329800e-01	2.336710e+00
1.094000e+01	-1.391210e+00	-3.866520e-01	2.203660e+00
1.096000e+01	-1.023370e+00	-5.772260e-01	1.750720e+00
1.098000e+01	-7.703860e-01	-8.077860e-01	1.293520e+00
1.100000e+01	-4.874660e-01	-8.481040e-01	9.910560e-01
1.102000e+01	-4.012580e-02	-7.165320e-01	7.468760e-01
1.104000e+01	3.174740e-01	-5.619220e-01	3.877760e-01
1.106000e+01	4.824860e-01	-4.035080e-01	2.103500e-01
1.108000e+01	4.634720e-01	-1.482080e-01	4.534500e-01
1.110000e+01	1.948120e-01	2.163320e-01	6.498160e-01
1.112000e+01	-3.975280e-01	6.699920e-01	8.217460e-01
1.114000e+01	-1.249090e+00	1.024690e+00	1.139510e+00
1.116000e+01	-2.046790e+00	9.510240e-01	1.543950e+00
1.118000e+01	-2.670550e+00	3.898640e-01	1.927450e+00
1.120000e+01	-2.995710e+00	-5.210560e-01	2.186630e+00
1.122000e+01	-3.038250e+00	-1.415980e+00	2.199720e+00
1.124000e+01	-2.943220e+00	-2.061460e+00	2.089080e+00
1.126000e+01	-2.839530e+00	-2.299660e+00	2.006190e+00
1.128000e+01	-2.909590e+00	-2.111840e+00	2.109610e+00
1.130000e+01	-2.960600e+00	-1.933860e+00	2.425670e+00
1.132000e+01	-2.889920e+00	-1.916020e+00	2.734530e+00
1.134000e+01	-2.731840e+00	-1.987180e+00	2.941570e+00
1.136000e+01	-2.498840e+00	-2.060350e+00	3.019820e+00
1.138000e+01	-2.460640e+00	-2.021690e+00	3.027470e+00
1.140000e+01	-2.841860e+00	-1.884230e+00	2.977480e+00
1.142000e+01	-3.351660e+00	-1.715580e+00	2.949600e+00
1.144000e+01	-3.311320e+00	-1.616180e+00	2.838070e+00
1.146000e+01	-2.719440e+00	-1.700440e+00	2.540110e+00
1.148000e+01	-1.983100e+00	-1.864070e+00	2.183810e+00
1.150000e+01	-1.633520e+00	-1.914260e+00	1.830610e+00
1.152000e+01	-1.751540e+00	-1.574480e+00	1.667740e+00
1.154000e+01	-1.918060e+00	-1.169500e+00	1.609480e+00
1.156000e+01	-1.940700e+00	-1.022700e+00	1.572410e+00
1.158000e+01	-1.975590e+00	-1.098550e+00	1.671460e+00
1.160000e+01	-2.156890e+00	-1.243150e+00	1.884620e+00
1.162000e+01	-2.113090e+00	-1.477710e+00	1.975890e+00
1.164000e+01	-1.930330e+00	-1.734070e+00	2.019170e+00
1.166000e+01	-1.901610e+00	-1.759120e+00	2.053690e+00
1.168000e+01	-1.933850e+00	-1.798890e+00	1.956020e+00
1.170000e+01	-1.785890e+00	-2.170030e+00	1.814360e+00
1.172000e+01	-1.505810e+00	-2.683350e+00	1.619070e+00
1.174000e+01	-1.384140e+00	-2.994830e+00	1.308250e+00
1.176000e+01	-1.243400e+00	-3.042600e+00	1.240220e+00
1.178000e+01	-1.016120e+00	-2.963790e+00	1.529820e+00
1.180000e+01	-1.019530e+00	-2.870860e+00	1.655640e+00
1.182000e+01	-1.173740e+00	-2.983160e+00	1.650170e+00
1.184000e+01	-1.215390e+00	-3.282420e+00	1.842750e+00
1.186000e+01	-1.283370e+00	-3.567500e+00	1.992150e+00
1.188000e+01	-1.448740e+00	-3.544900e+00	1.803970e+00
1.190000e+01	-1.728840e+00	-3.109840e+00	1.617540e+00
1.192000e+01	-2.054760e+00	-2.594980e+00	1.467430e+00
1.194000e+01	-2.264200e+00	-2.174420e+00	1.398350e+00
1.196000e+01	-2.312420e+00	-1.980870e+00	1.476960e+00
1.198000e+01	-2.306590e+00	-1.959690e+00	1.559460e+00
1.200000e+01	-2.314080e+00	-1.997260e+00	1.550350e+00
1.202000e+01	-2.384140e+00	-1.918380e+00	1.452560e+00
1.204000e+01	-2.375080e+00	-1.956510e+00	1.224520e+00
1.206000e+01	-2.370570e+00	-1.871120e+00	8.484360e-01
1.208000e+01	-2.336450e+00	-1.660080e+00	7.900760e-01
1.210000e+01	-2.156550e+00	-1.429960e+00	9.218560e-01
1.212000e+01	-2.167550e+00	-1.207260e+00	1.068950e+00
1.214000e+01	-2.362650e+00	-1.224640e+00	1.132690e+00
1.216000e+01	-2.756810e+00	-1.408650e+00	1.121260e+00
1.218000e+01	-3.103630e+00	-1.722430e+00	1.126120e+00
1.220000e+01	-3.280470e+00	-2.072950e+00	1.129000e+00
1.222000e+01	-3.328650e+00	-2.372310e+00	1.129340e+00
1.224000e+01	-3.453490e+00	-2.525890e+00	1.104260e+00
1.226000e+01	-3.592870e+00	-2.721890e+00	1.173320e+00
1.228000e+01	-3.624100e+00	-2.951170e+00	1.330890e+00
1.230000e+01	-3.671320e+00	-2.977060e+00	1.562270e+00
1.232000e+01	-3.744800e+00	-2.744060e+00	1.628110e+00
1.234000e+01	-3.615000e+00	-2.252360e+00	1.470070e+00
1.236000e+01	-3.234120e+00	-1.735580e+00	1.274630e+00
1.238000e+01	-2.882420e+00	-1.346220e+00	1.071350e+00
1.240000e+01	-2.629760e+00	-1.220830e+00	8.936930e-01
1.242000e+01	-2.371800e+00	-1.369480e+00	7.118530e-01
1.244000e+01	-1.873020e+00	-1.584780e+00	4.712930e-01
1.246000e+01	-1.407300e+00	-1.757850e+00	2.163730e-01
1.248000e+01	-1.228020e+00	-1.784800e+00	1.116970e-01
1.250000e+01	-1.288470e+00	-1.616650e+00	1.382030e-01
1.252000e+01	-1.492850e+00	-1.350790e+00	1.806010e-01
1.254000e+01	-1.678490e+00	-1.062430e+00	1.017830e-01
1.256000e+01	-1.753790e+00	-7.037350e-01	-1.015170e-01
1.258000e+01	-1.722490e+00	-4.547750e-01	-3.323970e-01
1.260000e+01	-1.762420e+00	-2.446550e-01	-5.984570e-01
1.262000e+01	-1.786780e+00	1.060050e-01	-9.499970e-01
1.264000e+01	-1.555260e+00	2.389530e-01	-1.165100e+00
1.266000e+01	-1.309200e+00	8.270100e-02	-1.099170e+00
1.268000e+01	-1.156200e+00	-1.792190e-01	-1.006890e+00
1.270000e+01	-1.229870e+00	-1.849590e-01	-8.289350e-01
1.272000e+01	-1.573830e+00	2.273610e-01	-7.334290e-01
1.274000e+01	-2.041550e+00	7.032810e-01	-7.405270e-01
1.276000e+01	-2.537110e+00	8.861950e-01	-7.354380e-01
1.278000e+01	-2.913710e+00	7.094050e-01	-8.154220e-01
1.280000e+01	-2.934030e+00	3.397450e-01	-9.128980e-01
1.282000e+01	-2.698390e+00	-6.415540e-02	-1.036150e+00
1.284000e+01	-2.416010e+00	-2.717750e-01	-1.291450e+00
1.286000e+01	-2.043790e+00	-2.013890e-01	-1.534210e+00
1.288000e+01	-1.708210e+00	-7.388540e-02	-1.651740e+00
1.290000e+01	-1.254770e+00	-1.316330e-01	-1.722580e+00
1.292000e+01	-7.141470e-01	-1.077310e-01	-1.655800e+00
1.294000e+01	-2.275670e-01	5.380060e-02	-1.484930e+00
1.296000e+01	2.033330e-02	1.597010e-01	-1.454850e+00
1.298000e+01	-7.831870e-02	2.848750e-01	-1.542630e+00
1.300000e+01	-4.115790e-01	4.592010e-01	-1.722460e+00
1.302000e+01	-7.480390e-01	6.208810e-01	-1.949460e+00
1.304000e+01	-8.974330e-01	7.470410e-01	-2.132510e+00
1.306000e+01	-8.965890e-01	8.051810e-01	-2.178120e+00
1.308000e+01	-7.099850e-01	7.603010e-01	-2.246930e+00
1.310000e+01	-5.848930e-01	6.137990e-01	-2.425920e+00
1.312000e+01	-4.309790e-01	2.268990e-01	-2.320780e+00
1.314000e+01	-3.396970e-01	-1.401010e-01	-2.080000e+00
1.316000e+01	-4.585010e-01	-3.345710e-01	-1.950040e+00
1.318000e+01	-6.721410e-01	-2.733610e-01	-1.817610e+00
1.320000e+01	-9.739410e-01	-1.340140e-02	-1.565510e+00
1.322000e+01	-1.217960e+00	2.596260e-02	-1.354210e+00
1.324000e+01	-1.436300e+00	2.384140e-02	-1.393050e+00
1.326000e+01	-1.626250e+00	1.257660e-02	-1.601390e+00
1.328000e+01	-1.658900e+00	-5.245940e-02	-1.791080e+00
1.330000e+01	-1.475910e+00	-1.592190e-01	-1.848540e+00
1.332000e+01	-1.063250e+00	-3.702190e-01	-1.872340e+00
1.334000e+01	-4.142510e-01	-5.627910e-01	-1.934340e+00
1.336000e+01	2.188490e-01	-6.008870e-01	-2.060030e+00
1.338000e+01	7.697090e-01	-4.295510e-01	-2.195620e+00
1.340000e+01	1.111730e+00	-2.712390e-01	-2.189160e+00
1.342000e+01	1.219910e+00	-2.382230e-01	-2.052190e+00
1.344000e+01	1.269050e+00	-2.271400e-01	-2.010310e+00
1.346000e+01	1.269350e+00	-1.707260e-01	-2.051460e+00
1.348000e+01	1.380500e+00	-6.401960e-02	-2.079730e+00
1.350000e+01	1.602460e+00	1.140320e-01	-2.153480e+00
1.352000e+01	1.816440e+00	3.673720e-01	-2.322330e+00
1.354000e+01	1.959590e+00	6.434520e-01	-2.537590e+00
1.356000e+01	2.062610e+00	9.287120e-01	-2.740930e+00
1.358000e+01	2.119670e+00	1.134310e+00	-2.714270e+00
1.360000e+01	2.134970e+00	1.198370e+00	-2.416790e+00
1.362000e+01	2.193220e+00	1.061060e+00	-2.000470e+00
1.364000e+01	2.152760e+00	7.771760e-01	-1.810240e+00
1.366000e+01	1.894160e+00	5.095760e-01	-1.932120e+00
1.368000e+01	1.603660e+00	3.807120e-01	-2.096520e+00
1.370000e+01	1.355620e+00	2.784880e-01	-2.336260e+00
1.372000e+01	1.292410e+00	2.022800e-01	-2.632820e+00
1.374000e+01	1.438780e+00	2.640200e-01	-2.898220e+00
1.376000e+01	1.630560e+00	2.821560e-01	-2.938060e+00
1.378000e+01	1.526600e+00	1.716340e-01	-2.902150e+00
1.380000e+01	1.229080e+00	2.496190e-03	-2.917210e+00
1.382000e+01	1.029060e+00	-1.966000e-01	-2.837600e+00
1.384000e+01	1.017570e+00	-4.180600e-01	-2.673710e+00
1.386000e+01	1.120220e+00	-4.653620e-01	-2.525840e+00
1.388000e+01	1.151530e+00	-3.253460e-01	-2.306220e+00
1.390000e+01	1.063970e+00	-6.186580e-02	-2.034080e+00
1.392000e+01	6.641680e-01	3.059740e-01	-1.816860e+00
1.394000e+01	2.607680e-01	6.457140e-01	-1.680950e+00
1.396000e+01	3.938780e-02	9.583740e-01	-1.620600e+00
1.398000e+01	-1.289500e-01	1.175710e+00	-1.601990e+00
1.400000e+01	-2.543180e-01	1.321890e+00	-1.633280e+00
1.402000e+01	-4.882380e-01	1.447370e+00	-1.765000e+00
1.404000e+01	-7.201980e-01	1.443380e+00	-1.952110e+00
1.406000e+01	-8.591040e-01	1.450070e+00	-2.113630e+00
1.408000e+01	-9.479960e-01	1.369070e+00	-2.123830e+00
1.410000e+01	-1.048670e+00	1.194690e+00	-2.018330e+00
1.412000e+01	-1.343350e+00	1.134780e+00	-1.954600e+00
1.414000e+01	-1.471040e+00	1.053250e+00	-1.983640e+00
1.416000e+01	-1.261320e+00	1.004690e+00	-2.143820e+00
1.418000e+01	-9.020960e-01	9.702200e-01	-2.313420e+00
1.420000e+01	-6.688760e-01	1.023950e+00	-2.396090e+00
1.422000e+01	-6.274560e-01	1.157350e+00	-2.359550e+00
1.424000e+01	-5.836920e-01	1.236280e+00	-2.260890e+00
1.426000e+01	-5.916960e-01	1.236280e+00	-2.164030e+00
1.428000e+01	-6.572720e-01	1.216670e+00	-2.121790e+00
1.430000e+01	-7.360140e-01	1.087010e+00	-2.157330e+00
1.432000e+01	-7.319410e-01	8.370070e-01	-2.265340e+00
1.434000e+01	-8.097730e-01	8.996470e-01	-2.318550e+00
1.436000e+01	-9.153010e-01	1.312270e+00	-2.255570e+00
1.438000e+01	-9.310100e-01	1.667710e+00	-2.112310e+00
1.440000e+01	-8.958840e-01	1.780930e+00	-1.907630e+00
1.442000e+01	-8.526680e-01	1.826850e+00	-1.808780e+00
1.444000e+01	-7.965620e-01	1.727520e+00	-1.814430e+00
1.446000e+01	-6.621440e-01	1.624990e+00	-1.883750e+00
1.448000e+01	-5.094300e-01	1.608810e+00	-2.039690e+00
1.450000e+01	-3.044100e-01	1.632600e+00	-2.214700e+00
1.452000e+01	-4.676960e-02	1.604840e+00	-2.284890e+00
1.454000e+01	2.436500e-01	1.446660e+00	-2.286890e+00
1.456000e+01	3.870540e-01	1.226240e+00	-2.219610e+00
1.458000e+01	4.205940e-01	9.820430e-01	-2.227720e+00
1.460000e+01	4.717060e-01	8.567630e-01	-2.280960e+00
1.462000e+01	6.065740e-01	7.320250e-01	-2.274000e+00
1.464000e+01	6.458280e-01	6.728490e-01	-2.285170e+00
1.466000e+01	6.402150e-01	6.849590e-01	-2.350110e+00
1.468000e+01	7.729310e-01	6.126390e-01	-2.383020e+00
1.470000e+01	9.997310e-01	4.693350e-01	-2.235690e+00
1.472000e+01	1.109480e+00	3.829650e-01	-2.168490e+00
1.474000e+01	1.168930e+00	2.825690e-01	-2.201140e+00
1.476000e+01	1.181080e+00	-3.021130e-02	-2.341170e+00
1.478000e+01	1.029960e+00	-1.933870e-01	-2.608510e+00
1.480000e+01	1.063590e+00	-1.049650e-01	-2.828770e+00
1.482000e+01	1.218080e+00	-8.286130e-02	-2.903280e+00
1.484000e+01	1.420520e+00	-1.476130e-01	-2.993920e+00
1.486000e+01	1.594380e+00	-3.619530e-02	-3.152890e+00
1.488000e+01	1.777720e+00	1.154110e-01	-3.168190e+00
1.490000e+01	1.982240e+00	1.085590e-01	-3.046540e+00
1.492000e+01	2.148610e+00	2.447950e-01	-2.881770e+00
1.494000e+01	2.438450e+00	4.670550e-01	-2.756080e+00
1.496000e+01	2.781090e+00	6.134230e-01	-2.615760e+00
1.498000e+01	2.987330e+00	7.160230e-01	-2.455090e+00
1.500000e+01	3.066570e+00	8.822030e-01	-2.355610e+00
1.502000e+01	3.016370e+00	1.132800e+00	-2.325400e+00
1.504000e+01	2.879560e+00	1.304230e+00	-2.286580e+00
1.506000e+01	2.684710e+00	1.417140e+00	-2.176660e+00
1.508000e+01	2.551330e+00	1.507640e+00	-1.963980e+00
1.510000e+01	2.542560e+00	1.507810e+00	-1.750120e+00
1.512000e+01	2.483830e+00	1.428020e+00	-1.700680e+00
1.514000e+01	2.349950e+00	1.498410e+00	-1.786240e+00
1.516000e+01	2.207890e+00	1.653530e+00	-1.688450e+00
1.518000e+01	2.082250e+00	1.693060e+00	-1.259770e+00
1.520000e+01	2.011630e+00	1.726150e+00	-8.225320e-01
1.522000e+01	2.011670e+00	1.900580e+00	-4.805320e-01
1.524000e+01	1.969580e+00	2.031490e+00	-2.929400e-01
1.526000e+01	1.814990e+00	2.037040e+00	-2.586840e-01
1.528000e+01	1.607070e+00	2.021490e+00	-2.263700e-01
1.530000e+01	1.534710e+00	1.959160e+00	-1.845100e-01
1.532000e+01	1.631400e+00	1.999530e+00	-1.359660e-01
1.534000e+01	1.788950e+00	2.084580e+00	-4.883770e-02
1.536000e+01	1.914920e+00	2.112430e+00	1.104540e-01
1.538000e+01	1.878390e+00	2.023160e+00	3.245940e-01
1.540000e+01	1.745650e+00	1.889640e+00	5.358540e-01
1.542000e+01	1.769810e+00	1.702630e+00	6.436540e-01
1.544000e+01	1.918660e+00	1.454650e+00	6.316210e-01
1.546000e+01	2.041740e+00	1.182910e+00	5.232070e-01
1.548000e+01	2.141410e+00	8.675340e-01	3.982830e-01
1.550000e+01	2.362450e+00	6.472540e-01	2.675130e-01
1.552000e+01	2.600050e+00	5.503480e-01	1.340810e-01
1.554000e+01	2.599830e+00	5.750180e-01	1.752370e-01
1.556000e+01	2.408970e+00	6.629280e-01	3.540590e-01
1.558000e+01	2.284420e+00	7.321480e-01	4.791890e-01
1.560000e+01	2.367970e+00	6.687080e-01	5.195470e-01
1.562000e+01	2.441860e+00	5.017640e-01	5.524990e-01
1.564000e+01	2.490500e+00	4.006600e-01	5.343000e-01
1.566000e+01	2.584690e+00	3.040180e-01	5.220050e-01
1.568000e+01	2.721390e+00	1.138000e-01	4.156930e-01
1.570000e+01	2.820580e+00	-5.772830e-02	9.867310e-02
1.572000e+01	2.821120e+00	-3.371430e-02	-3.205890e-02
1.574000e+01	2.883640e+00	2.576370e-02	7.641910e-02
1.576000e+01	2.989550e+00	4.043330e-02	1.418910e-01
1.578000e+01	2.968160e+00	1.443390e-01	2.211110e-01
1.580000e+01	2.878650e+00	2.190490e-01	3.346930e-01
1.582000e+01	2.737570e+00	9.491530e-02	4.516170e-01
1.584000e+01	2.524490e+00	-1.139450e-01	4.797070e-01
1.586000e+01	2.323710e+00	-2.715610e-01	4.527230e-01
1.588000e+01	2.266300e+00	-4.730410e-01	4.803530e-01
1.590000e+01	2.374880e+00	-6.812410e-01	4.426410e-01
1.592000e+01	2.461390e+00	-7.787210e-01	3.672070e-01
1.594000e+01	2.525050e+00	-8.356750e-01	2.892710e-01
1.596000e+01	2.580570e+00	-8.997730e-01	2.034490e-01
1.598000e+01	2.599700e+00	-8.128170e-01	1.666770e-01
1.600000e+01	2.599560e+00	-5.526970e-01	1.759340e-01
1.602000e+01	2.657990e+00	-3.238770e-01	2.616180e-01
1.604000e+01	2.782050e+00	-2.718810e-01	3.199860e-01
1.606000e+01	2.841340e+00	-2.469610e-01	2.617820e-01
1.608000e+01	2.774010e+00	-1.862390e-01	1.895680e-01
1.610000e+01	2.693450e+00	-1.303590e-01	1.115320e-01
1.612000e+01	2.761840e+00	-3.237270e-02	6.903570e-02
1.614000e+01	2.996060e+00	5.712930e-02	7.270910e-02
1.616000e+01	3.209280e+00	3.694330e-02	9.405310e-02
1.618000e+01	3.215570e+00	-1.082810e-01	1.167590e-01
1.620000e+01	2.973570e+00	-1.671330e-01	1.493290e-01
1.622000e+01	2.664510e+00	-1.263230e-01	2.580270e-01
1.624000e+01	2.350930e+00	-7.440470e-02	3.819550e-01
1.626000e+01	2.143210e+00	-1.084990e-01	4.901950e-01
1.628000e+01	2.088740e+00	-2.598270e-01	5.558690e-01
1.630000e+01	2.022570e+00	-4.411150e-01	5.658280e-01
1.632000e+01	1.879830e+00	-5.104150e-01	5.695020e-01
1.634000e+01	1.632550e+00	-4.057670e-01	6.006140e-01
1.636000e+01	1.381330e+00	-2.572310e-01	6.824560e-01
1.638000e+01	1.232700e+00	-2.555630e-01	8.328220e-01
1.640000e+01	1.276320e+00	-3.874010e-01	9.790060e-01
1.642000e+01	1.334730e+00	-3.566190e-01	1.024330e+00
1.644000e+01	1.341550e+00	-1.947750e-01	1.057740e+00
1.646000e+01	1.263360e+00	-1.443950e-02	1.101580e+00
1.648000e+01	1.150970e+00	1.273950e-01	1.018910e+00
1.650000e+01	1.121350e+00	1.836550e-01	8.840180e-01
1.652000e+01	1.251930e+00	1.986280e-01	8.439240e-01
1.654000e+01	1.465850e+00	2.858860e-01	9.457380e-01
1.656000e+01	1.623580e+00	5.104260e-01	1.161360e+00
1.658000e+01	1.539870e+00	6.539820e-01	1.310160e+00
1.660000e+01	1.141170e+00	6.273920e-01	1.363690e+00
1.662000e+01	7.874520e-01	5.275940e-01	1.493190e+00
1.664000e+01	6.095260e-01	3.908720e-01	1.692400e+00
1.666000e+01	5.285220e-01	3.968180e-01	1.868770e+00
1.668000e+01	4.136000e-01	6.365580e-01	2.002490e+00
1.670000e+01	2.528700e-01	8.680580e-01	2.108750e+00
1.672000e+01	7.350780e-02	1.005730e+00	2.109830e+00
1.674000e+01	-1.613520e-01	1.138710e+00	2.073380e+00
1.676000e+01	-2.683900e-01	1.114500e+00	2.108680e+00
1.678000e+01	-2.270340e-01	9.451620e-01	2.137130e+00
1.680000e+01	-1.760500e-01	8.057980e-01	2.139810e+00
1.682000e+01	-1.450980e-01	6.946120e-01	2.203620e+00
1.684000e+01	-3.743820e-02	5.433600e-01	2.262210e+00
1.686000e+01	1.634420e-01	3.734540e-01	2.239180e+00
1.688000e+01	3.418100e-01	2.720700e-01	2.225660e+00
1.690000e+01	4.534760e-01	2.067480e-01	2.301290e+00
1.692000e+01	5.246980e-01	1.551540e-01	2.460320e+00
1.694000e+01	5.847340e-01	1.999800e-01	2.628420e+00
1.696000e+01	6.119100e-01	3.392440e-01	2.747250e+00
1.698000e+01	6.541960e-01	4.371220e-01	2.790300e+00
1.700000e+01	6.511150e-01	5.529120e-01	2.804810e+00
1.702000e+01	5.234770e-01	7.394460e-01	2.770210e+00
1.704000e+01	3.231770e-01	8.689640e-01	2.670200e+00
1.706000e+01	2.087470e-01	9.405660e-01	2.556730e+00
1.708000e+01	2.061470e-01	9.563140e-01	2.514620e+00
1.710000e+01	2.613430e-01	9.042380e-01	2.554650e+00
1.712000e+01	2.752350e-01	8.323300e-01	2.613020e+00
1.714000e+01	1.858030e-01	7.685260e-01	2.494050e+00
1.716000e+01	-8.673050e-03	7.331980e-01	2.240130e+00
1.718000e+01	-2.478330e-01	6.923680e-01	2.028730e+00
1.720000e+01	-3.594810e-01	5.328040e-01	1.852920e+00
1.722000e+01	-3.754690e-01	3.197440e-01	1.757140e+00
1.724000e+01	-3.331010e-01	1.734620e-01	1.674850e+00
1.726000e+01	-2.880290e-01	1.846970e-01	1.579390e+00
1.728000e+01	-3.174430e-01	3.565330e-01	1.504480e+00
1.730000e+01	-5.057950e-01	5.870730e-01	1.418290e+00
1.732000e+01	-7.770350e-01	7.678750e-01	1.332430e+00
1.734000e+01	-9.063530e-01	8.120930e-01	1.298890e+00
1.736000e+01	-8.655850e-01	7.857870e-01	1.265110e+00
1.738000e+01	-7.548330e-01	7.380470e-01	1.194150e+00
1.740000e+01	-6.998350e-01	6.182610e-01	1.123430e+00
1.742000e+01	-7.104380e-01	3.867410e-01	1.028770e+00
1.744000e+01	-7.285060e-01	1.621010e-01	9.341940e-01
1.746000e+01	-7.038280e-01	-4.239910e-02	8.588280e-01
1.748000e+01	-6.331820e-01	-2.340350e-01	8.116600e-01
1.750000e+01	-5.842680e-01	-3.700570e-01	8.297120e-01
1.752000e+01	-5.121200e-01	-4.637730e-01	9.133460e-01
1.754000e+01	-4.807580e-01	-5.554090e-01	9.972800e-01
1.756000e+01	-4.866990e-01	-6.392810e-01	1.022220e+00
1.758000e+01	-4.757300e-01	-6.882530e-01	9.579240e-01
1.760000e+01	-4.860340e-01	-7.592190e-01	8.693520e-01
1.762000e+01	-5.072640e-01	-7.993870e-01	8.134820e-01
1.764000e+01	-5.925960e-01	-8.181220e-01	7.549300e-01
1.766000e+01	-6.625380e-01	-8.487240e-01	7.263960e-01
1.768000e+01	-7.072660e-01	-8.937360e-01	7.392880e-01
1.770000e+01	-7.019630e-01	-9.205180e-01	7.860020e-01
1.772000e+01	-6.802310e-01	-8.859040e-01	7.816050e-01
1.774000e+01	-6.947220e-01	-8.311960e-01	7.952390e-01
1.776000e+01	-6.313460e-01	-7.974020e-01	8.688710e-01
1.778000e+01	-4.576020e-01	-8.587880e-01	9.060010e-01
1.780000e+01	-1.861220e-01	-1.053240e+00	9.182360e-01
1.782000e+01	2.077820e-02	-1.279160e+00	8.685940e-01
1.784000e+01	5.385820e-02	-1.351580e+00	7.599740e-01
1.786000e+01	4.805200e-02	-1.281470e+00	6.425680e-01
1.788000e+01	8.737400e-02	-1.205080e+00	5.709500e-01
1.790000e+01	1.445860e-01	-1.121740e+00	5.366560e-01
1.792000e+01	1.140440e-01	-9.733260e-01	5.102860e-01
1.794000e+01	2.652600e-02	-8.302340e-01	5.297860e-01
1.796000e+01	-1.320580e-01	-7.344520e-01	5.470450e-01
1.798000e+01	-2.703320e-01	-7.061120e-01	5.195770e-01
1.800000e+01	-3.030220e-01	-8.354900e-01	4.690150e-01
1.802000e+01	-2.868810e-01	-9.905460e-01	3.970590e-01
1.804000e+01	-2.250130e-01	-1.138020e+00	3.866820e-01
1.806000e+01	-2.205210e-01	-1.321360e+00	4.082640e-01
1.808000e+01	-2.416850e-01	-1.499310e+00	4.330080e-01
1.810000e+01	-2.452800e-01	-1.588050e+00	5.489900e-01
1.812000e+01	-2.811560e-01	-1.644460e+00	6.689760e-01
1.814000e+01	-3.684240e-01	-1.674360e+00	7.356280e-01
1.816000e+01	-4.467080e-01	-1.649440e+00	8.919160e-01
1.818000e+01	-4.580510e-01	-1.636020e+00	1.116600e+00
1.820000e+01	-5.532070e-01	-1.523220e+00	1.246790e+00
1.822000e+01	-6.463250e-01	-1.330640e+00	1.249250e+00
1.824000e+01	-6.726410e-01	-1.174630e+00	1.263190e+00
1.826000e+01	-6.895730e-01	-1.075450e+00	1.361120e+00
1.828000e+01	-7.420470e-01	-9.133030e-01	1.490900e+00
1.830000e+01	-8.270830e-01	-7.252830e-01	1.574510e+00
1.832000e+01	-9.447610e-01	-5.943590e-01	1.544890e+00
1.834000e+01	-1.090040e+00	-5.186890e-01	1.485210e+00
1.836000e+01	-1.197130e+00	-4.998970e-01	1.414540e+00
1.838000e+01	-1.293300e+00	-4.862690e-01	1.391600e+00
1.840000e+01	-1.295470e+00	-4.925550e-01	1.396620e+00
1.842000e+01	-1.354280e+00	-4.554170e-01	1.384630e+00
1.844000e+01	-1.545370e+00	-2.641250e-01	1.360870e+00
1.846000e+01	-1.772470e+00	4.283450e-02	1.383490e+00
1.848000e+01	-1.936130e+00	1.996470e-01	1.477280e+00
1.850000e+01	-2.057540e+00	1.818490e-01	1.490170e+00
1.852000e+01	-2.209690e+00	1.140990e-01	1.400240e+00
1.854000e+01	-2.335050e+00	-9.007270e-03	1.332890e+00
1.856000e+01	-2.483270e+00	-1.033370e-01	1.265930e+00
1.858000e+01	-2.693350e+00	-1.737530e-01	1.167470e+00
1.860000e+01	-2.823720e+00	-2.442510e-01	1.121380e+00
1.862000e+01	-2.840550e+00	-3.796510e-01	1.083300e+00
1.864000e+01	-2.852950e+00	-6.334710e-01	1.040760e+00
1.866000e+01	-2.972010e+00	-8.538910e-01	1.010380e+00
1.868000e+01	-3.188430e+00	-1.018280e+00	9.609550e-01
1.870000e+01	-3.395310e+00	-1.157650e+00	8.650390e-01
1.872000e+01	-3.558450e+00	-1.214030e+00	7.259370e-01
1.874000e+01	-3.622670e+00	-1.209970e+00	6.296210e-01
1.876000e+01	-3.586070e+00	-1.117420e+00	5.688070e-01
1.878000e+01	-3.537300e+00	-9.707590e-01	4.680090e-01
1.880000e+01	-3.507070e+00	-8.218170e-01	3.853610e-01
1.882000e+01	-3.494190e+00	-6.841630e-01	3.387770e-01
1.884000e+01	-3.411460e+00	-5.784690e-01	3.204910e-01
1.886000e+01	-3.276630e+00	-5.064970e-01	2.772510e-01
1.888000e+01	-3.193490e+00	-4.911020e-01	1.605250e-01
1.890000e+01	-3.125960e+00	-4.222360e-01	5.874860e-02
1.892000e+01	-3.063990e+00	-3.619940e-01	9.764650e-03
1.894000e+01	-2.892890e+00	-5.241520e-01	-6.449340e-02
1.896000e+01	-2.677370e+00	-7.167320e-01	-1.866010e-01
1.898000e+01	-2.491570e+00	-8.337280e-01	-2.947010e-01
1.900000e+01	-2.304800e+00	-9.148640e-01	-2.928530e-01
1.902000e+01	-2.177680e+00	-8.788900e-01	-2.320050e-01
1.904000e+01	-2.117950e+00	-7.503800e-01	-2.538070e-01
1.906000e+01	-2.080780e+00	-6.208280e-01	-3.440130e-01
1.908000e+01	-2.009380e+00	-6.288820e-01	-4.081630e-01
1.910000e+01	-1.956640e+00	-7.042020e-01	-4.726110e-01
1.912000e+01	-1.867160e+00	-6.630920e-01	-5.792050e-01
1.914000e+01	-1.707340e+00	-5.389120e-01	-7.081730e-01
1.916000e+01	-1.556650e+00	-3.869760e-01	-8.207910e-01
1.918000e+01	-1.459910e+00	-2.382800e-01	-8.624850e-01
1.920000e+01	-1.323120e+00	-1.753380e-01	-8.559490e-01
1.922000e+01	-1.151080e+00	-1.849050e-01	-8.236570e-01
1.924000e+01	-9.839280e-01	-1.665360e-01	-8.300280e-01
1.926000e+01	-8.256200e-01	-9.479570e-02	-7.444020e-01
1.928000e+01	-6.729780e-01	-1.417300e-01	-5.681780e-01
1.930000e+01	-5.235200e-01	-3.060600e-01	-5.502500e-01
1.932000e+01	-4.113060e-01	-4.264260e-01	-6.537380e-01
1.934000e+01	-3.415420e-01	-4.291600e-01	-7.058940e-01
1.936000e+01	-3.505090e-01	-3.226080e-01	-6.671340e-01
1.938000e+01	-3.804130e-01	-1.586020e-01	-6.318160e-01
1.940000e+01	-3.543050e-01	-2.639650e-02	-6.030400e-01
1.942000e+01	-2.652410e-01	2.593750e-02	-5.542320e-01
1.944000e+01	-1.028330e-01	5.365530e-03	-4.587940e-01
1.946000e+01	7.338080e-02	1.074590e-02	-3.918520e-01
1.948000e+01	1.385450e-01	1.917920e-01	-3.596720e-01
1.950000e+01	1.302800e-01	4.689320e-01	-3.483640e-01
1.952000e+01	1.198310e-01	7.184120e-01	-3.966720e-01
1.954000e+01	1.918090e-01	8.875500e-01	-4.710960e-01
1.956000e+01	3.270450e-01	9.339520e-01	-5.532640e-01
1.958000e+01	4.235350e-01	8.989600e-01	-6.066960e-01
1.960000e+01	5.063330e-01	9.564440e-01	-6.680720e-01
1.962000e+01	6.318750e-01	1.099120e+00	-7.291460e-01
1.964000e+01	7.994610e-01	1.059460e+00	-7.598220e-01
1.966000e+01	9.477330e-01	8.438620e-01	-7.898180e-01
1.968000e+01	1.082930e+00	6.368820e-01	-7.398640e-01
1.970000e+01	1.181610e+00	5.171640e-01	-6.085780e-01
1.972000e+01	1.145560e+00	5.138360e-01	-4.902780e-01
1.974000e+01	9.780430e-01	5.579580e-01	-4.372980e-01
1.976000e+01	7.730430e-01	5.395400e-01	-3.666680e-01
1.978000e+01	6.557290e-01	4.841760e-01	-2.583920e-01
1.980000e+01	6.861430e-01	5.343340e-01	-2.528790e-01
1.982000e+01	7.356490e-01	6.680840e-01	-2.527690e-01
1.984000e+01	7.369610e-01	7.299500e-01	-2.532600e-01
1.986000e+01	7.595430e-01	6.823260e-01	-2.840900e-01
1.988000e+01	8.847250e-01	5.280540e-01	-2.279860e-01
1.990000e+01	1.035060e+00	3.029140e-01	-1.364180e-01
1.992000e+01	1.118090e+00	1.035660e-01	-1.205560e-01
1.994000e+01	1.128160e+00	1.142420e-02	-8.150030e-02
1.996000e+01	1.077000e+00	-5.724580e-02	-1.314430e-02
1.998000e+01	1.010070e+00	-1.274380e-01	-1.088870e-02
2.000000e+01	9.975060e-01	-2.115800e-01	-3.536870e-02
2.002000e+01	1.058210e+00	-2.963660e-01	-1.223890e-01
2.004000e+01	1.116020e+00	-3.114300e-01	-1.829130e-01
2.006000e+01	1.136870e+00	-2.556120e-01	-1.441150e-01
2.008000e+01	1.152760e+00	-1.986540e-01	-8.468270e-02
2.010000e+01	1.127790e+00	-2.336960e-01	-3.091270e-02
2.012000e+01	1.000140e+00	-2.712620e-01	8.729270e-03
2.014000e+01	9.034060e-01	-2.950400e-01	5.999930e-02
2.016000e+01	8.743080e-01	-3.450360e-01	1.261390e-01
2.018000e+01	8.527320e-01	-4.474060e-01	1.531150e-01
2.020000e+01	7.683540e-01	-5.947660e-01	1.496730e-01
2.022000e+01	7.004620e-01	-7.591200e-01	1.213570e-01
2.024000e+01	6.816160e-01	-8.395060e-01	6.050150e-02
2.026000e+01	7.108960e-01	-7.682600e-01	-1.002050e-02
2.028000e+01	7.643480e-01	-6.599320e-01	-3.457450e-02
2.030000e+01	7.867580e-01	-5.669340e-01	7.753460e-03
2.032000e+01	8.319780e-01	-4.768800e-01	1.031850e-02
2.034000e+01	8.787560e-01	-3.644340e-01	-4.861350e-02
2.036000e+01	9.071000e-01	-2.633560e-01	-1.135900e-01
2.038000e+01	8.967370e-01	-1.780500e-01	-1.737040e-01
2.040000e+01	8.312170e-01	-1.584050e-01	-1.756810e-01
2.042000e+01	7.284090e-01	-2.060050e-01	-1.605870e-01
2.044000e+01	6.567150e-01	-2.456030e-01	-1.928210e-01
2.046000e+01	6.117550e-01	-2.432770e-01	-1.853100e-01
2.048000e+01	5.291070e-01	-2.090730e-01	-9.052400e-02
2.050000e+01	4.127150e-01	-2.289250e-01	-3.020000e-02
2.052000e+01	3.135490e-01	-2.704730e-01	-6.049000e-02
2.054000e+01	3.640730e-01	-2.237870e-01	-1.023480e-01
2.056000e+01	5.171570e-01	-1.098010e-01	-1.570320e-01
2.058000e+01	5.956310e-01	2.309290e-02	-2.371520e-01
2.060000e+01	5.668550e-01	2.138010e-01	-3.404460e-01
2.062000e+01	5.113590e-01	3.854570e-01	-3.608880e-01
2.064000e+01	4.612210e-01	4.028560e-01	-2.903740e-01
2.066000e+01	3.975310e-01	3.363000e-01	-2.129340e-01
2.068000e+01	4.013390e-01	2.454460e-01	-1.979520e-01
2.070000e+01	5.206350e-01	1.257320e-01	-2.563740e-01
2.072000e+01	6.252390e-01	1.015140e-01	-3.444340e-01
2.074000e+01	6.294760e-01	1.823800e-01	-3.846640e-01
2.076000e+01	6.443560e-01	2.290240e-01	-4.084640e-01
2.078000e+01	7.253940e-01	1.977560e-01	-4.661440e-01
2.080000e+01	8.050860e-01	1.928830e-01	-5.288860e-01
2.082000e+01	8.337420e-01	2.969750e-01	-5.785200e-01
2.084000e+01	8.288140e-01	4.608430e-01	-6.148660e-01
2.086000e+01	7.679080e-01	6.543070e-01	-6.739240e-01
2.088000e+01	6.884660e-01	8.465290e-01	-7.571380e-01
2.090000e+01	6.329140e-01	9.296610e-01	-7.915400e-01
2.092000e+01	6.149420e-01	9.324410e-01	-7.654640e-01
2.094000e+01	6.228020e-01	9.618750e-01	-7.599000e-01
2.096000e+01	5.304760e-01	1.045240e+00	-7.640020e-01
2.098000e+01	3.756060e-01	1.123960e+00	-7.546950e-01
2.100000e+01	2.602960e-01	1.174720e+00	-7.241950e-01
2.102000e+01	1.613520e-01	1.167710e+00	-7.143460e-01
2.104000e+01	9.376350e-02	1.091170e+00	-7.656340e-01
2.106000e+01	2.142750e-02	9.816850e-01	-8.355540e-01
2.108000e+01	-5.295250e-02	8.815250e-01	-8.371510e-01
2.110000e+01	-1.297980e-01	8.537070e-01	-8.389880e-01
2.112000e+01	-2.196780e-01	9.203850e-01	-8.986200e-01
2.114000e+01	-2.554280e-01	1.012000e+00	-9.703170e-01
2.116000e+01	-2.745120e-01	1.055860e+00	-9.999690e-01
2.118000e+01	-3.435700e-01	1.028610e+00	-9.691840e-01
2.120000e+01	-4.192780e-01	9.347430e-01	-9.188660e-01
2.122000e+01	-3.647700e-01	8.444130e-01	-8.953420e-01
2.124000e+01	-1.993380e-01	8.385340e-01	-9.038580e-01
2.126000e+01	-6.076630e-02	9.067580e-01	-9.266420e-01
2.128000e+01	-1.075230e-02	9.740400e-01	-9.636140e-01
2.130000e+01	-1.703810e-02	1.007860e+00	-9.911400e-01
2.132000e+01	2.768190e-02	9.440980e-01	-1.032050e+00
2.134000e+01	1.803660e-01	8.977040e-01	-1.050130e+00
2.136000e+01	3.727500e-01	9.053210e-01	-1.053700e+00
2.138000e+01	5.046940e-01	8.926830e-01	-1.060440e+00
2.140000e+01	5.099350e-01	8.263310e-01	-1.040190e+00
2.142000e+01	4.619370e-01	7.194310e-01	-1.019700e+00
2.144000e+01	5.048310e-01	6.028430e-01	-9.434810e-01
2.146000e+01	6.039350e-01	4.963990e-01	-8.217310e-01
2.148000e+01	6.241470e-01	4.678010e-01	-7.444270e-01
2.150000e+01	5.769730e-01	4.815870e-01	-7.225570e-01
2.152000e+01	5.222090e-01	5.061790e-01	-6.978050e-01
2.154000e+01	5.309190e-01	4.721330e-01	-6.538410e-01
2.156000e+01	5.703230e-01	3.498490e-01	-5.425950e-01
2.158000e+01	6.510690e-01	2.019270e-01	-4.078330e-01
2.160000e+01	7.387150e-01	5.364140e-02	-3.005670e-01
2.162000e+01	7.946970e-01	-1.425660e-02	-1.832130e-01
2.164000e+01	8.553170e-01	-1.083260e-02	-1.308790e-01
2.166000e+01	8.190930e-01	-2.587240e-03	-4.826730e-02
2.168000e+01	7.550060e-01	1.027880e-02	4.075070e-02
2.170000e+01	6.659600e-01	4.851760e-03	8.778270e-02
2.172000e+01	5.886170e-01	-2.311220e-02	1.386190e-01
2.174000e+01	5.332610e-01	7.739760e-03	1.627990e-01
2.176000e+01	4.798210e-01	4.491380e-02	1.713490e-01
2.178000e+01	5.005030e-01	5.158620e-02	1.612280e-01
2.180000e+01	5.489970e-01	3.602280e-02	1.845280e-01
2.182000e+01	6.191810e-01	4.359140e-02	2.596620e-01
2.184000e+01	6.344860e-01	7.285140e-02	3.385580e-01
2.186000e+01	5.701980e-01	3.686940e-02	4.069680e-01
2.188000e+01	4.982000e-01	-6.763660e-02	5.170040e-01
2.190000e+01	4.709440e-01	-1.525750e-01	6.111720e-01
2.192000e+01	5.121860e-01	-1.571640e-01	6.732000e-01
2.194000e+01	5.603880e-01	-2.155480e-01	7.527600e-01
2.196000e+01	5.143460e-01	-3.247460e-01	8.185120e-01
2.198000e+01	4.865700e-01	-3.854760e-01	8.690340e-01
2.200000e+01	5.734800e-01	-4.277380e-01	9.420320e-01
2.202000e+01	6.717140e-01	-4.472870e-01	1.032760e+00
2.204000e+01	7.159700e-01	-3.941130e-01	1.093130e+00
2.206000e+01	7.195550e-01	-3.592110e-01	1.171810e+00
2.208000e+01	7.872750e-01	-4.325590e-01	1.295820e+00
2.210000e+01	8.597330e-01	-6.243830e-01	1.373830e+00
2.212000e+01	8.960450e-01	-7.860510e-01	1.410610e+00
2.214000e+01	8.826010e-01	-8.040320e-01	1.439560e+00
2.216000e+01	8.338290e-01	-7.818500e-01	1.454070e+00
2.218000e+01	7.767270e-01	-8.053980e-01	1.444880e+00
2.220000e+01	7.590850e-01	-8.212430e-01	1.446860e+00
2.222000e+01	7.910490e-01	-8.458750e-01	1.475180e+00
2.224000e+01	8.100000e-01	-8.806570e-01	1.502090e+00
2.226000e+01	8.394320e-01	-8.666700e-01	1.497190e+00
2.228000e+01	8.496670e-01	-8.150020e-01	1.480600e+00
2.230000e+01	8.287590e-01	-7.218300e-01	1.426890e+00
2.232000e+01	8.116480e-01	-6.653420e-01	1.372860e+00
2.234000e+01	8.337160e-01	-6.515620e-01	1.375960e+00
2.236000e+01	7.993040e-01	-6.949000e-01	1.364680e+00
2.238000e+01	7.139160e-01	-7.794660e-01	1.298500e+00
2.240000e+01	6.304440e-01	-8.278520e-01	1.182790e+00
2.242000e+01	5.713620e-01	-8.495020e-01	1.070110e+00
2.244000e+01	5.559020e-01	-8.643110e-01	9.703700e-01
2.246000e+01	5.294500e-01	-8.374750e-01	9.034940e-01
2.248000e+01	4.638300e-01	-8.294720e-01	8.683980e-01
2.250000e+01	3.856960e-01	-9.032620e-01	8.086680e-01
2.252000e+01	3.331920e-01	-9.996480e-01	7.088140e-01
2.254000e+01	2.877680e-01	-1.117830e+00	6.458820e-01
2.256000e+01	2.238880e-01	-1.225310e+00	5.628380e-01
2.258000e+01	1.521980e-01	-1.217820e+00	5.095140e-01
2.260000e+01	6.369210e-02	-1.063880e+00	4.852080e-01
2.262000e+01	5.560130e-03	-8.616170e-01	4.412100e-01
2.264000e+01	-1.529390e-02	-7.022950e-01	4.110220e-01
2.266000e+01	-6.426990e-02	-6.001910e-01	3.675260e-01
2.268000e+01	-1.433100e-01	-5.654910e-01	3.356980e-01
2.270000e+01	-2.181540e-01	-5.995150e-01	2.647660e-01
2.272000e+01	-3.059700e-01	-6.329210e-01	2.025400e-01
2.274000e+01	-4.239500e-01	-6.281060e-01	1.388940e-01
2.276000e+01	-5.052720e-01	-5.993180e-01	6.676380e-02
2.278000e+01	-5.486960e-01	-5.241620e-01	-1.831420e-02
2.280000e+01	-6.341120e-01	-4.183280e-01	-8.141820e-02
2.282000e+01	-7.431080e-01	-3.472580e-01	-1.009750e-01
2.284000e+01	-8.001980e-01	-2.953020e-01	-1.401830e-01
2.286000e+01	-8.212500e-01	-2.489700e-01	-2.188350e-01
2.288000e+01	-7.826700e-01	-2.359820e-01	-3.375510e-01
2.290000e+01	-6.913820e-01	-2.410070e-01	-4.293110e-01
2.292000e+01	-6.220920e-01	-1.916610e-01	-4.946730e-01
2.294000e+01	-6.308550e-01	-1.116570e-01	-5.472670e-01
2.296000e+01	-6.568750e-01	-9.749380e-02	-6.464490e-01
2.298000e+01	-6.881630e-01	-1.385680e-01	-7.427290e-01
2.300000e+01	-7.120110e-01	-2.050400e-01	-7.814530e-01
2.302000e+01	-7.323830e-01	-2.838620e-01	-8.098510e-01
2.304000e+01	-7.944650e-01	-3.084120e-01	-8.605010e-01
2.306000e+01	-8.682790e-01	-2.372440e-01	-9.083690e-01
2.308000e+01	-9.162830e-01	-1.832680e-01	-9.413870e-01
2.310000e+01	-9.468810e-01	-1.641350e-01	-9.953170e-01
2.312000e+01	-9.433640e-01	-1.297150e-01	-1.037960e+00
2.314000e+01	-8.486160e-01	-1.031810e-01	-1.069260e+00
2.316000e+01	-6.784060e-01	-5.125320e-02	-1.069590e+00
2.318000e+01	-5.211880e-01	7.015480e-02	-1.055940e+00
2.320000e+01	-3.555900e-01	2.053910e-01	-1.055170e+00
2.322000e+01	-2.160340e-01	2.834110e-01	-1.021170e+00
2.324000e+01	-1.401820e-01	2.932870e-01	-9.217610e-01
2.326000e+01	-1.303160e-01	2.744230e-01	-8.670990e-01
2.328000e+01	-1.627620e-01	2.296210e-01	-8.443170e-01
2.330000e+01	-1.851460e-01	1.768930e-01	-8.326410e-01
2.332000e+01	-2.430380e-01	1.284450e-01	-8.393370e-01
2.334000e+01	-2.327730e-01	6.604740e-02	-8.648430e-01
2.336000e+01	-1.726630e-01	4.955580e-02	-8.706570e-01
2.338000e+01	-7.919710e-02	1.119120e-01	-8.552380e-01
2.340000e+01	1.978690e-02	2.286400e-01	-8.429400e-01
2.342000e+01	1.408410e-01	3.787480e-01	-7.810900e-01
2.344000e+01	2.792010e-01	4.707400e-01	-7.090740e-01
2.346000e+01	3.560770e-01	5.199420e-01	-6.712580e-01
2.348000e+01	4.091130e-01	5.541140e-01	-6.277780e-01
2.350000e+01	4.174970e-01	5.758760e-01	-5.828980e-01
2.352000e+01	4.002590e-01	5.663380e-01	-5.703770e-01
2.354000e+01	3.274010e-01	5.534960e-01	-5.546130e-01
2.356000e+01	2.460530e-01	5.434950e-01	-5.425310e-01
2.358000e+01	2.076250e-01	4.939070e-01	-5.138390e-01
2.360000e+01	2.087370e-01	4.264070e-01	-4.551870e-01
2.362000e+01	2.276550e-01	3.542610e-01	-4.044200e-01
2.364000e+01	2.296180e-01	3.661860e-01	-3.609160e-01
2.366000e+01	2.314150e-01	4.588000e-01	-3.082460e-01
2.368000e+01	2.120150e-01	5.197540e-01	-2.289200e-01
2.370000e+01	2.034150e-01	5.277740e-01	-1.190540e-01
2.372000e+01	2.127020e-01	5.045740e-01	-4.492950e-02
2.374000e+01	2.157400e-01	4.450500e-01	-1.915550e-02
2.376000e+01	1.880740e-01	3.741380e-01	1.846650e-02
2.378000e+01	1.617040e-01	3.285400e-01	5.645050e-02
2.380000e+01	1.335280e-01	2.505400e-01	7.582270e-02
2.382000e+01	8.153220e-02	1.133020e-01	1.496690e-01
2.384000e+01	1.282020e-02	-7.452960e-02	2.263790e-01
2.386000e+01	-1.132740e-01	-2.380680e-01	2.994070e-01
2.388000e+01	-2.378520e-01	-2.938820e-01	3.057530e-01
2.390000e+01	-3.265740e-01	-2.692660e-01	2.676310e-01
2.392000e+01	-3.742360e-01	-1.932600e-01	2.926690e-01
2.394000e+01	-3.373500e-01	-1.091500e-01	3.463450e-01
2.396000e+01	-3.043300e-01	-1.153160e-02	4.302610e-01
2.398000e+01	-3.160830e-01	1.223480e-01	4.712910e-01
2.400000e+01	-3.872790e-01	2.622520e-01	4.759600e-01
2.402000e+01	-4.528170e-01	3.727560e-01	4.848310e-01
2.404000e+01	-4.298250e-01	4.541220e-01	4.730900e-01
2.406000e+01	-3.406370e-01	4.094080e-01	4.619890e-01
2.408000e+01	-2.412870e-01	2.866840e-01	4.329190e-01
2.410000e+01	-2.006590e-01	1.584560e-01	4.072110e-01
2.412000e+01	-1.891130e-01	1.259640e-02	4.002150e-01
2.414000e+01	-1.993260e-01	-1.031480e-01	3.412470e-01
2.416000e+01	-2.120860e-01	-1.103860e-01	2.315870e-01
2.418000e+01	-1.773820e-01	-5.926840e-02	1.475430e-01
2.420000e+01	-9.697400e-02	-3.783040e-02	1.240770e-01
2.422000e+01	-2.651600e-02	-1.947480e-02	9.786890e-02
2.424000e+01	2.998800e-02	-2.699620e-02	4.646690e-02
2.426000e+01	1.417200e-01	-5.879420e-02	1.343490e-02
2.428000e+01	2.706200e-01	-7.072140e-02	-2.239710e-02
2.430000e+01	3.415800e-01	1.006860e-02	-7.503910e-02
2.432000e+01	3.262610e-01	1.817350e-01	-1.107510e-01
2.434000e+01	2.568630e-01	3.300870e-01	-1.295720e-01
2.436000e+01	1.773930e-01	3.799970e-01	-1.395270e-01
2.438000e+01	9.541680e-02	3.655660e-01	-1.193830e-01
2.440000e+01	3.214680e-02	3.314220e-01	-1.139680e-01
2.442000e+01	1.670830e-03	2.603740e-01	-1.419520e-01
2.444000e+01	2.576480e-02	2.180620e-01	-1.740380e-01
2.446000e+01	5.595680e-02	2.119320e-01	-1.989000e-01
2.448000e+01	9.260880e-02	1.810460e-01	-2.020080e-01
2.450000e+01	1.849510e-01	1.090740e-01	-2.104800e-01
2.452000e+01	3.097270e-01	6.021600e-02	-2.186110e-01
2.454000e+01	4.445850e-01	3.407000e-02	-2.117930e-01
2.456000e+01	5.279290e-01	5.473200e-02	-2.208230e-01
2.458000e+01	5.189490e-01	1.381340e-01	-2.520270e-01
2.460000e+01	4.892910e-01	2.277580e-01	-2.987810e-01
2.462000e+01	4.524250e-01	3.104180e-01	-3.279430e-01
2.464000e+01	4.054470e-01	3.400660e-01	-3.461590e-01
2.466000e+01	3.202410e-01	3.009900e-01	-3.685370e-01
2.468000e+01	2.132350e-01	2.345560e-01	-3.889730e-01
2.470000e+01	1.572170e-01	1.903960e-01	-4.207770e-01
2.472000e+01	1.399780e-01	1.814770e-01	-4.511790e-01
2.474000e+01	1.449870e-01	2.149030e-01	-4.912270e-01
2.476000e+01	1.595780e-01	2.110460e-01	-4.778420e-01
2.478000e+01	2.043620e-01	1.364240e-01	-4.035580e-01
2.480000e+01	2.629300e-01	8.289420e-02	-3.646360e-01
2.482000e+01	3.054240e-01	6.812860e-02	-3.524900e-01
2.484000e+01	3.702280e-01	3.184860e-02	-3.122060e-01
2.486000e+01	4.043880e-01	4.235760e-02	-2.820680e-01
2.488000e+01	3.909740e-01	1.347180e-01	-2.521900e-01
2.490000e+01	3.966070e-01	2.438080e-01	-2.032400e-01
2.492000e+01	3.877270e-01	3.258020e-01	-1.583120e-01
2.494000e+01	3.627730e-01	3.257650e-01	-8.931030e-02
2.496000e+01	3.113770e-01	1.887630e-01	-4.892430e-02
2.498000e+01	2.634790e-01	1.773920e-02	-3.841750e-02
2.500000e+01	2.348090e-01	-9.244880e-02	-1.061950e-02
2.502000e+01	2.286280e-01	-1.768810e-01	4.443450e-02
2.504000e+01	2.054720e-01	-2.231690e-01	1.355120e-01
2.506000e+01	1.978600e-01	-2.058580e-01	2.096000e-01
2.508000e+01	2.194020e-01	-1.555460e-01	2.456040e-01
2.510000e+01	2.260510e-01	-1.537830e-01	2.780860e-01
2.512000e+01	2.101610e-01	-1.699120e-01	2.688640e-01
2.514000e+01	1.812190e-01	-1.755540e-01	2.155340e-01
2.516000e+01	1.889140e-01	-2.226420e-01	1.459340e-01
2.518000e+01	1.975460e-01	-2.583040e-01	7.363170e-02
2.520000e+01	1.768760e-01	-2.530600e-01	4.227370e-02
2.522000e+01	1.195580e-01	-2.910420e-01	3.863370e-02
2.524000e+01	4.036240e-02	-3.686300e-01	5.206450e-02
2.526000e+01	-5.570760e-02	-4.457980e-01	6.947810e-02
2.528000e+01	-1.112180e-01	-5.429580e-01	1.033220e-01
2.530000e+01	-1.569860e-01	-6.321340e-01	1.109900e-01
2.532000e+01	-2.349580e-01	-6.468230e-01	9.280270e-02
2.534000e+01	-3.080120e-01	-5.556650e-01	9.902990e-02
2.536000e+01	-3.716440e-01	-4.392910e-01	1.113810e-01
2.538000e+01	-4.145480e-01	-3.691850e-01	1.348990e-01
2.540000e+01	-4.524920e-01	-3.041410e-01	1.345630e-01
2.542000e+01	-4.970840e-01	-2.171030e-01	1.409510e-01
2.544000e+01	-5.457640e-01	-1.330870e-01	1.444780e-01
2.546000e+01	-6.070760e-01	-6.656130e-02	1.392990e-01
2.548000e+01	-6.648700e-01	-2.863330e-02	1.316590e-01
2.550000e+01	-6.641520e-01	-4.339650e-02	1.090690e-01
2.552000e+01	-6.258140e-01	-1.160750e-01	8.703900e-02
2.554000e+01	-5.734520e-01	-1.888950e-01	5.960700e-02
2.556000e+01	-5.313000e-01	-2.023980e-01	2.366900e-02
2.558000e+01	-5.193900e-01	-1.978680e-01	-3.812500e-02
2.560000e+01	-5.008200e-01	-2.073470e-01	-8.891300e-02
2.562000e+01	-4.751300e-01	-1.544270e-01	-1.244110e-01
2.564000e+01	-4.238280e-01	-9.874290e-02	-1.397560e-01
2.566000e+01	-3.873180e-01	-6.909490e-02	-1.415330e-01
2.568000e+01	-3.956400e-01	-3.394290e-02	-1.938410e-01
2.570000e+01	-4.255800e-01	-2.600730e-02	-2.546730e-01
2.572000e+01	-4.512800e-01	-5.211130e-02	-3.043190e-01
2.574000e+01	-4.771240e-01	-3.488890e-02	-3.448990e-01
2.576000e+01	-5.216040e-01	7.931510e-02	-3.631050e-01
2.578000e+01	-5.498180e-01	2.078290e-01	-3.837330e-01
2.580000e+01	-5.600250e-01	3.196530e-01	-3.985380e-01
2.582000e+01	-4.922470e-01	3.980570e-01	-4.061980e-01
2.584000e+01	-3.692790e-01	4.405810e-01	-4.184820e-01
2.586000e+01	-2.476950e-01	4.286320e-01	-4.511780e-01
2.588000e+01	-1.650190e-01	4.161230e-01	-4.507740e-01
2.590000e+01	-1.109230e-01	3.633310e-01	-3.831080e-01
2.592000e+01	-7.930470e-02	2.732550e-01	-2.909260e-01
2.594000e+01	-6.868290e-02	2.356730e-01	-2.295240e-01
2.596000e+01	-6.436850e-02	2.402980e-01	-1.860320e-01
2.598000e+01	-9.403850e-02	2.616160e-01	-1.471640e-01
2.600000e+01	-1.250140e-01	2.904780e-01	-1.599270e-01
2.602000e+01	-1.484280e-01	3.458180e-01	-2.403330e-01
2.604000e+01	-1.202540e-01	4.024400e-01	-2.968050e-01
2.606000e+01	-1.567650e-02	4.391320e-01	-3.050460e-01
2.608000e+01	1.054300e-01	4.784880e-01	-3.087850e-01
2.610000e+01	2.356780e-01	4.664930e-01	-3.001160e-01
2.612000e+01	3.537160e-01	3.577790e-01	-2.532040e-01
2.614000e+01	4.422720e-01	2.737010e-01	-2.008680e-01
2.616000e+01	4.950240e-01	2.523230e-01	-1.880170e-01
2.618000e+01	5.322610e-01	2.128970e-01	-1.761460e-01
2.620000e+01	5.421400e-01	1.512970e-01	-1.700990e-01
2.622000e+01	4.856940e-01	1.025870e-01	-1.732580e-01
2.624000e+01	4.253420e-01	3.706950e-02	-1.535430e-01
2.626000e+01	4.179600e-01	-3.789450e-02	-1.026090e-01
2.628000e+01	4.269850e-01	-1.029110e-01	-7.400910e-02
2.630000e+01	4.286620e-01	-1.438510e-01	-5.343510e-02
2.632000e+01	4.463250e-01	-1.809650e-01	-1.370910e-02
2.634000e+01	4.717510e-01	-2.384110e-01	-4.240890e-03
2.636000e+01	5.243110e-01	-2.616340e-01	-1.926830e-02
2.638000e+01	6.174130e-01	-2.649830e-01	4.567710e-03
2.640000e+01	7.330670e-01	-2.585440e-01	4.991770e-02
2.642000e+01	7.576410e-01	-2.441780e-01	9.712770e-02
2.644000e+01	7.344630e-01	-2.815420e-01	1.500220e-01
2.646000e+01	6.838450e-01	-3.510440e-01	2.229080e-01
2.648000e+01	6.015450e-01	-4.120400e-01	2.713800e-01
2.650000e+01	5.751770e-01	-4.705520e-01	2.731020e-01
2.652000e+01	5.544290e-01	-5.456920e-01	2.372000e-01
2.654000e+01	5.288750e-01	-6.004380e-01	1.754220e-01
2.656000e+01	4.894110e-01	-6.161970e-01	1.381180e-01
2.658000e+01	4.670750e-01	-6.178050e-01	1.107800e-01
2.660000e+01	4.465370e-01	-5.934950e-01	1.098580e-01
2.662000e+01	3.767850e-01	-5.756470e-01	1.054340e-01
2.664000e+01	3.245210e-01	-5.105270e-01	9.026270e-02
2.666000e+01	3.100790e-01	-4.401010e-01	6.396470e-02
2.668000e+01	3.216710e-01	-3.699930e-01	4.909290e-02
2.670000e+01	3.681430e-01	-2.451090e-01	4.518750e-02
2.672000e+01	4.291210e-01	-1.277450e-01	7.061950e-02
2.674000e+01	4.426680e-01	-5.662690e-02	1.166660e-01
2.676000e+01	4.378610e-01	-6.477610e-02	1.171220e-01
2.678000e+01	4.559460e-01	-1.487300e-01	1.137960e-01
2.680000e+01	4.584000e-01	-3.009840e-01	1.362060e-01
2.682000e+01	4.216680e-01	-3.998640e-01	1.319780e-01
2.684000e+01	3.728860e-01	-4.223340e-01	1.166840e-01
2.686000e+01	3.327060e-01	-4.255690e-01	1.261240e-01
2.688000e+01	2.911640e-01	-4.364660e-01	1.643020e-01
2.690000e+01	2.684120e-01	-4.466800e-01	2.194100e-01
2.692000e+01	2.374520e-01	-4.122640e-01	2.788600e-01
2.694000e+01	1.687280e-01	-3.512280e-01	3.158960e-01
2.696000e+01	7.918810e-02	-2.758000e-01	3.538920e-01
2.698000e+01	-3.738990e-02	-1.925640e-01	3.789400e-01
2.700000e+01	-1.244920e-01	-1.009200e-01	3.988830e-01
2.702000e+01	-1.165370e-01	-2.338210e-02	4.374570e-01
2.704000e+01	-6.305530e-02	8.085590e-02	4.484550e-01
2.706000e+01	-4.009330e-02	2.027680e-01	4.088610e-01
2.708000e+01	-4.140840e-02	2.654080e-01	3.567590e-01
2.710000e+01	-3.998330e-02	2.676730e-01	3.265290e-01
2.712000e+01	-3.751930e-02	2.679200e-01	3.255370e-01
2.714000e+01	-3.031390e-02	3.062540e-01	3.330690e-01
2.716000e+01	-2.539170e-02	2.949410e-01	3.188480e-01
2.718000e+01	8.366260e-03	2.067830e-01	2.936600e-01
2.720000e+01	2.529410e-02	7.636270e-02	2.484380e-01
2.722000e+01	2.691090e-02	-4.254730e-02	2.191460e-01
2.724000e+01	-2.686710e-02	-1.152450e-01	1.809680e-01
2.726000e+01	-9.443710e-02	-1.845590e-01	1.562980e-01
2.728000e+01	-1.047320e-01	-2.267730e-01	1.394710e-01
2.730000e+01	-1.251140e-01	-2.312200e-01	1.205230e-01
2.732000e+01	-1.590660e-01	-1.806900e-01	1.051360e-01
2.734000e+01	-1.843140e-01	-1.081020e-01	8.492600e-02
2.736000e+01	-1.870080e-01	-2.352210e-02	7.634160e-02
2.738000e+01	-1.474580e-01	7.322990e-02	8.504720e-02
2.740000e+01	-1.081680e-01	1.726080e-01	1.138850e-01
2.742000e+01	-9.651590e-02	2.776740e-01	1.199490e-01
2.744000e+01	-8.666530e-02	3.387760e-01	8.974900e-02
2.746000e+01	-9.802870e-02	3.722240e-01	8.602480e-02
2.748000e+01	-9.638500e-02	4.151020e-01	7.469560e-02
2.750000e+01	-9.174000e-02	4.236830e-01	5.403960e-02
2.752000e+01	-8.745600e-02	3.986670e-01	3.734500e-02
2.754000e+01	-8.439320e-02	3.790400e-01	9.963010e-03
2.756000e+01	-7.172500e-02	3.265960e-01	3.529300e-02
2.758000e+01	-4.532900e-02	2.440780e-01	7.691300e-02
2.760000e+01	1.739020e-03	1.645660e-01	7.522590e-02
2.762000e+01	7.408300e-02	1.143960e-01	3.259200e-02
2.764000e+01	1.441050e-01	1.052350e-01	-2.102800e-02
2.766000e+01	1.498080e-01	8.861470e-02	-8.934000e-02
2.768000e+01	1.464840e-01	4.041870e-02	-1.440240e-01
2.770000e+01	1.530470e-01	-2.460330e-02	-1.799180e-01
2.772000e+01	1.585090e-01	-6.706730e-02	-2.009220e-01
2.774000e+01	1.722360e-01	-5.593330e-02	-2.063180e-01
2.776000e+01	1.782780e-01	-2.157930e-02	-2.246420e-01
2.778000e+01	1.568840e-01	2.388670e-02	-2.505520e-01
2.780000e+01	1.277040e-01	5.542870e-02	-2.816860e-01
2.782000e+01	1.207580e-01	1.035650e-01	-3.204660e-01
2.784000e+01	1.271600e-01	1.758410e-01	-3.484400e-01
2.786000e+01	1.545560e-01	2.145210e-01	-3.791560e-01
2.788000e+01	1.599590e-01	2.153630e-01	-3.814160e-01
2.790000e+01	1.513930e-01	2.062640e-01	-3.799750e-01
2.792000e+01	1.628600e-01	2.138210e-01	-3.731120e-01
2.794000e+01	2.259400e-01	1.814990e-01	-3.211820e-01
2.796000e+01	2.733700e-01	1.460390e-01	-2.797780e-01
2.798000e+01	2.917240e-01	1.521500e-01	-2.679930e-01
2.800000e+01	2.798600e-01	1.758160e-01	-2.848070e-01
2.802000e+01	2.565900e-01	1.856990e-01	-3.155510e-01
2.804000e+01	2.494290e-01	1.692520e-01	-3.448950e-01
2.806000e+01	2.462520e-01	1.642170e-01	-3.166050e-01
2.808000e+01	2.567640e-01	1.561660e-01	-2.897970e-01
2.810000e+01	2.689780e-01	1.126780e-01	-2.651110e-01
2.812000e+01	2.703670e-01	7.507800e-02	-2.628390e-01
2.814000e+01	2.448210e-01	1.013040e-01	-2.592480e-01
2.816000e+01	2.210770e-01	1.265160e-01	-2.141520e-01
2.818000e+01	1.869670e-01	1.219350e-01	-1.608920e-01
2.820000e+01	1.723100e-01	1.075540e-01	-1.094140e-01
2.822000e+01	1.986600e-01	1.068270e-01	-1.081880e-01
2.824000e+01	2.175660e-01	1.310210e-01	-1.052430e-01
2.826000e+01	2.005320e-01	1.452740e-01	-9.599460e-02
2.828000e+01	1.873220e-01	1.483870e-01	-7.586060e-02
2.830000e+01	1.645860e-01	1.454020e-01	-5.016460e-02
2.832000e+01	1.331460e-01	1.344590e-01	-3.983900e-02
2.834000e+01	1.085920e-01	1.218010e-01	-3.439760e-02
2.836000e+01	1.015900e-01	1.249190e-01	-5.883590e-03
2.838000e+01	1.032370e-01	1.343280e-01	3.733840e-02
2.840000e+01	8.217070e-02	1.254110e-01	8.304240e-02
2.842000e+01	4.949870e-02	7.131280e-02	1.340680e-01
2.844000e+01	3.207850e-02	-2.872720e-02	1.952980e-01
2.846000e+01	2.460670e-02	-1.270210e-01	2.599700e-01
2.848000e+01	4.088660e-03	-1.755970e-01	3.029280e-01
2.850000e+01	-1.508590e-02	-2.261870e-01	3.348560e-01
2.852000e+01	-4.150390e-02	-3.004270e-01	3.279600e-01
2.854000e+01	-3.972160e-02	-3.646930e-01	3.157990e-01
2.856000e+01	-3.003220e-02	-4.151650e-01	3.189060e-01
2.858000e+01	-8.482170e-04	-4.460770e-01	3.428440e-01
2.860000e+01	-1.880080e-03	-4.832470e-01	3.639600e-01
2.862000e+01	-2.846610e-02	-5.211710e-01	3.684440e-01
2.864000e+01	-4.630350e-02	-5.055740e-01	3.952000e-01
2.866000e+01	-6.569910e-02	-4.538680e-01	3.921370e-01
2.868000e+01	-8.711310e-02	-3.889660e-01	3.640970e-01
2.870000e+01	-1.168490e-01	-3.473100e-01	3.523060e-01
2.872000e+01	-1.486650e-01	-3.620230e-01	3.419740e-01
2.874000e+01	-1.780570e-01	-3.800710e-01	3.065240e-01
2.876000e+01	-1.706830e-01	-3.816410e-01	2.655900e-01
2.878000e+01	-1.725300e-01	-3.915890e-01	2.245940e-01
2.880000e+01	-1.939220e-01	-4.069690e-01	1.864000e-01
2.882000e+01	-2.338280e-01	-4.289590e-01	1.586460e-01
2.884000e+01	-2.506290e-01	-4.716110e-01	1.654680e-01
2.886000e+01	-2.221970e-01	-5.305330e-01	1.883320e-01
2.888000e+01	-1.888730e-01	-5.501810e-01	2.060820e-01
2.890000e+01	-1.930820e-01	-5.127930e-01	2.036590e-01
2.892000e+01	-2.395220e-01	-4.482110e-01	1.954590e-01
2.894000e+01	-2.816600e-01	-3.985730e-01	2.186770e-01
2.896000e+01	-3.190000e-01	-3.805720e-01	2.453050e-01
2.898000e+01	-3.065660e-01	-3.889030e-01	2.614800e-01
2.900000e+01	-2.808720e-01	-4.133650e-01	2.773880e-01
2.902000e+01	-2.976840e-01	-4.101750e-01	2.780870e-01
2.904000e+01	-3.483780e-01	-3.660590e-01	2.777180e-01
2.906000e+01	-4.232480e-01	-3.442770e-01	2.672840e-01
2.908000e+01	-5.090760e-01	-3.342430e-01	2.553000e-01
2.910000e+01	-5.788060e-01	-3.317600e-01	2.562380e-01
2.912000e+01	-5.968200e-01	-3.271540e-01	2.756950e-01
2.914000e+01	-6.095890e-01	-2.720640e-01	2.756620e-01
2.916000e+01	-6.218220e-01	-1.714720e-01	2.299940e-01
2.918000e+01	-6.292670e-01	-7.771200e-02	2.287910e-01
2.920000e+01	-6.439720e-01	-1.813800e-02	2.301210e-01
2.922000e+01	-6.174280e-01	7.329970e-03	2.298530e-01
2.924000e+01	-5.627760e-01	7.306570e-03	2.472750e-01
2.926000e+01	-5.115620e-01	7.803210e-03	2.443820e-01
2.928000e+01	-4.656160e-01	2.440060e-02	2.161020e-01
2.930000e+01	-4.618340e-01	7.016660e-02	1.869360e-01
2.932000e+01	-4.677470e-01	1.397570e-01	1.718090e-01
2.934000e+01	-4.638500e-01	2.147830e-01	1.743870e-01
2.936000e+01	-4.561810e-01	2.746950e-01	2.088490e-01
2.938000e+01	-4.252610e-01	3.087070e-01	2.539610e-01
2.940000e+01	-4.036570e-01	3.326170e-01	2.753890e-01
2.942000e+01	-3.953890e-01	3.751550e-01	2.593210e-01
2.944000e+01	-3.680730e-01	4.056630e-01	2.340730e-01
2.946000e+01	-3.614270e-01	4.317610e-01	2.131350e-01
2.948000e+01	-3.746810e-01	4.535910e-01	1.816930e-01
2.950000e+01	-3.703370e-01	4.539840e-01	1.654060e-01
2.952000e+01	-3.514230e-01	4.398070e-01	1.533110e-01
2.954000e+01	-3.362600e-01	4.384500e-01	1.266530e-01
2.956000e+01	-3.357970e-01	4.400010e-01	9.124540e-02
2.958000e+01	-3.376360e-01	4.380530e-01	4.924540e-02
2.960000e+01	-3.302780e-01	4.471720e-01	1.323340e-02
2.962000e+01	-3.017160e-01	4.503970e-01	1.380170e-02
2.964000e+01	-2.460320e-01	3.929270e-01	3.665970e-02
2.966000e+01	-1.809680e-01	2.991330e-01	2.368710e-02
2.968000e+01	-1.382000e-01	2.148290e-01	-4.878890e-03
2.970000e+01	-1.212840e-01	1.531070e-01	-3.352290e-02
2.972000e+01	-1.433040e-01	1.445830e-01	-5.953090e-02
2.974000e+01	-1.725780e-01	1.980510e-01	-5.904110e-02
2.976000e+01	-1.758560e-01	2.694830e-01	-2.482510e-02
2.978000e+01	-1.614910e-01	3.057270e-01	2.643290e-02
2.980000e+01	-1.434310e-01	3.081860e-01	6.114290e-02
2.982000e+01	-1.542920e-01	2.873320e-01	6.672570e-02
2.984000e+01	-1.807540e-01	2.373320e-01	7.734250e-02
2.986000e+01	-1.804430e-01	1.874240e-01	8.512030e-02
2.988000e+01	-1.383490e-01	1.581920e-01	7.308610e-02
2.990000e+01	-7.761670e-02	1.285340e-01	6.504490e-02
2.992000e+01	-2.256070e-02	9.819400e-02	7.837310e-02
2.994000e+01	4.516530e-02	8.390740e-02	1.027590e-01
2.996000e+01	9.947930e-02	1.109130e-01	1.217420e-01
2.998000e+01	1.399230e-01	1.467850e-01	1.324120e-01
3.000000e+01	1.726690e-01	1.614250e-01	1.312810e-01
3.002000e+01	1.819610e-01	1.759350e-01	1.075090e-01
3.004000e+01	1.891970e-01	2.062090e-01	8.336060e-02
3.006000e+01	1.833280e-01	2.182240e-01	8.679560e-02
3.008000e+01	1.775570e-01	2.105590e-01	1.009270e-01
3.010000e+01	1.849940e-01	1.903970e-01	8.665100e-02
3.012000e+01	2.074740e-01	1.560190e-01	7.087460e-02
3.014000e+01	2.394500e-01	1.073090e-01	6.401160e-02
3.016000e+01	2.672120e-01	8.517080e-02	5.484300e-02
3.018000e+01	2.895940e-01	8.488620e-02	6.730400e-02
3.020000e+01	3.164420e-01	7.915720e-02	7.242420e-02
3.022000e+01	3.517520e-01	7.657420e-02	6.005680e-02
3.024000e+01	3.965220e-01	8.295600e-02	5.187480e-02
3.026000e+01	4.357500e-01	9.601260e-02	5.744020e-02
3.028000e+01	4.511830e-01	1.108690e-01	6.214080e-02
3.030000e+01	4.534710e-01	1.247280e-01	5.853420e-02
3.032000e+01	4.418080e-01	1.385290e-01	5.340060e-02
3.034000e+01	4.321620e-01	1.756110e-01	3.753140e-02
3.036000e+01	4.309670e-01	1.894250e-01	2.642140e-02
3.038000e+01	4.161130e-01	1.715470e-01	2.034460e-02
3.040000e+01	3.906910e-01	1.309230e-01	1.888140e-02
3.042000e+01	3.535230e-01	8.101920e-02	1.081780e-02
3.044000e+01	3.262470e-01	2.466920e-02	1.142900e-02
3.046000e+01	3.153780e-01	-1.551080e-02	4.028780e-03
3.048000e+01	3.130720e-01	-2.942900e-02	-7.110210e-04
3.050000e+01	3.170990e-01	-6.022300e-02	-3.153620e-03
3.052000e+01	3.109690e-01	-9.287900e-02	-1.012540e-02
3.054000e+01	2.912390e-01	-1.130070e-01	-1.407260e-02
3.056000e+01	2.729150e-01	-1.282020e-01	-2.093140e-02
3.058000e+01	2.526950e-01	-1.383940e-01	-2.218200e-02
3.060000e+01	2.449370e-01	-1.465740e-01	-3.151600e-02
3.062000e+01	2.501720e-01	-1.490200e-01	-4.133920e-02
3.064000e+01	2.505730e-01	-1.274440e-01	-5.029140e-02
3.066000e+01	2.492600e-01	-1.010400e-01	-4.399500e-02
3.068000e+01	2.528580e-01	-9.516020e-02	-4.134640e-02
3.070000e+01	2.478950e-01	-1.084150e-01	-3.832020e-02
3.072000e+01	2.381490e-01	-1.134850e-01	-3.718920e-02
3.074000e+01	2.411780e-01	-1.091920e-01	-2.945140e-02
3.076000e+01	2.457990e-01	-1.050800e-01	-1.523940e-02
3.078000e+01	2.455220e-01	-9.435100e-02	-1.767640e-02
3.080000e+01	2.402530e-01	-8.844760e-02	-9.666200e-03
3.082000e+01	2.372300e-01	-8.707080e-02	2.895200e-03
3.084000e+01	2.407190e-01	-8.227400e-02	1.375380e-02
3.086000e+01	2.346830e-01	-6.676760e-02	2.075400e-02
3.088000e+01	2.180020e-01	-5.034060e-02	3.062800e-02
3.090000e+01	2.050160e-01	-4.181600e-02	4.612240e-02
3.092000e+01	1.992930e-01	-3.833680e-02	6.366380e-02
3.094000e+01	2.030320e-01	-4.177880e-02	7.818740e-02
3.096000e+01	2.033270e-01	-4.785840e-02	8.404840e-02
3.098000e+01	1.897170e-01	-4.777480e-02	9.001460e-02
3.100000e+01	1.722070e-01	-5.325160e-02	9.108060e-02
3.102000e+01	1.611260e-01	-6.660220e-02	9.334900e-02
3.104000e+01	1.551960e-01	-8.577300e-02	9.779920e-02
3.106000e+01	1.466020e-01	-1.070990e-01	9.895140e-02
3.108000e+01	1.362900e-01	-1.192380e-01	1.001230e-01
3.110000e+01	1.271100e-01	-1.231480e-01	1.012970e-01
3.112000e+01	1.165100e-01	-1.224330e-01	1.009480e-01
3.114000e+01	1.128350e-01	-1.218020e-01	1.001660e-01
3.116000e+01	1.107720e-01	-1.221430e-01	1.004640e-01
3.118000e+01	1.069930e-01	-1.233970e-01	9.784610e-02
3.120000e+01	1.039710e-01	-1.249500e-01	9.347710e-02
3.122000e+01	1.006140e-01	-1.265150e-01	9.073890e-02
3.124000e+01	9.716020e-02	-1.294800e-01	9.062070e-02
3.126000e+01	9.456680e-02	-1.284050e-01	8.894460e-02
3.128000e+01	9.445860e-02	-1.225540e-01	8.709000e-02
3.130000e+01	9.389910e-02	-1.121190e-01	8.487920e-02
3.132000e+01	8.854970e-02	-9.966210e-02	8.180140e-02
3.134000e+01	8.209030e-02	-8.692170e-02	7.772460e-02
3.136000e+01	7.740970e-02	-7.545830e-02	7.217000e-02
3.138000e+01	7.363350e-02	-6.494090e-02	6.489140e-02
3.140000e+01	7.122650e-02	-5.681590e-02	5.912600e-02
3.142000e+01	6.832990e-02	-5.320950e-02	5.566140e-02
3.144000e+01	6.703690e-02	-5.224300e-02	5.159100e-02
3.146000e+01	6.640590e-02	-5.108700e-02	4.600240e-02
3.148000e+01	6.522420e-02	-4.893060e-02	3.973760e-02
3.150000e+01	6.482430e-02	-4.735910e-02	3.539640e-02
3.152000e+01	6.338950e-02	-4.648360e-02	3.040780e-02
3.154000e+01	6.065990e-02	-4.772240e-02	2.458360e-02
3.156000e+01	5.929130e-02	-4.706340e-02	1.910480e-02
3.158000e+01	5.908840e-02	-4.417720e-02	1.504580e-02
3.160000e+01	5.893420e-02	-3.989580e-02	1.128120e-02
3.162000e+01	5.806590e-02	-3.538900e-02	7.809160e-03
3.164000e+01	5.628800e-02	-3.075300e-02	5.141760e-03
3.166000e+01	5.431730e-02	-2.639100e-02	3.002760e-03
3.168000e+01	5.304730e-02	-2.357680e-02	1.862840e-03
3.170000e+01	5.323910e-02	-2.252400e-02	1.255700e-03
3.172000e+01	5.368710e-02	-2.263200e-02	5.176160e-04
3.174000e+01	5.440560e-02	-2.214120e-02	3.127610e-05
3.176000e+01	5.529060e-02	-2.114450e-02	7.295760e-04
3.178000e+01	5.595140e-02	-2.001300e-02	2.145160e-03
3.180000e+01	5.640140e-02	-1.905130e-02	3.762040e-03
3.182000e+01	5.659440e-02	-1.828170e-02	5.914840e-03
3.184000e+01	5.683680e-02	-1.775870e-02	8.417840e-03
3.186000e+01	5.701590e-02	-1.723440e-02	1.114440e-02
3.188000e+01	5.707600e-02	-1.663130e-02	1.393760e-02
3.190000e+01	5.698610e-02	-1.610150e-02	1.687900e-02
3.192000e+01	5.674230e-02	-1.560500e-02	1.997620e-02
3.194000e+01	5.637890e-02	-1.516570e-02	2.321960e-02
3.196000e+01	5.589730e-02	-1.477440e-02	2.651980e-02
3.198000e+01	5.532780e-02	-1.439570e-02	2.978660e-02
