# Strong motion recording for 1994 Northridge EQ
# Author: Rob Graves
# Date: Wed Mar 03 15:29:41 PST 2010
# 
# Station: lv1
#    longitude: -118.24190
#    latitude: 34.59420
#    closest distance to fault (km): 37.33
#    Vs30 (m/s): 685
#    low freq. corner (Hz): 0.200
#    high freq. corner (Hz): 23.0
#    station operator/owner: CSMIP
#    data source: peer.berkeley.edu/nga
# 
# Data fields are TAB-separated
# 
# Column 1: Time (s)
# Column 2: North-south acceleration (cm/s/s) (+ is northward)
# Column 3: East-west acceleration (cm/s/s) (+ is eastward)
# Column 4: Up-down acceleration (cm/s/s) (+ is upward)
#
0.000000e+00	-3.108800e-02	8.126400e-02	2.034800e-01
2.000000e-02	2.718200e-02	6.120600e-02	3.464940e-01
4.000000e-02	5.963800e-02	-1.482600e-02	3.857560e-01
6.000000e-02	-1.589200e-02	-1.280420e-01	2.056540e-01
8.000000e-02	-1.020260e-01	-2.115400e-01	1.821200e-01
1.000000e-01	-1.387880e-01	-2.328380e-01	2.787340e-01
1.200000e-01	-5.917600e-02	-1.991020e-01	4.426020e-01
1.400000e-01	-8.574800e-02	-1.857180e-01	4.070980e-01
1.600000e-01	-2.011340e-01	-2.061540e-01	4.261980e-01
1.800000e-01	-2.120940e-01	-2.092990e-01	6.528980e-01
2.000000e-01	-2.451460e-01	-2.842090e-01	4.944920e-01
2.200000e-01	-4.009320e-01	-2.859330e-01	3.557700e-01
2.400000e-01	-4.150290e-01	-2.146510e-01	4.249080e-01
2.600000e-01	-1.767490e-01	-1.858150e-01	4.343410e-01
2.800000e-01	-7.227010e-03	-1.613810e-01	2.246810e-01
3.000000e-01	-6.828250e-03	-1.165550e-01	2.061770e-01
3.200000e-01	6.619770e-02	-8.371540e-02	3.368170e-01
3.400000e-01	2.016440e-01	-5.705940e-02	4.621850e-01
3.600000e-01	1.449120e-01	-3.002340e-02	5.318110e-01
3.800000e-01	3.206770e-02	-6.188340e-02	6.164570e-01
4.000000e-01	-4.507430e-02	-1.426530e-01	6.779790e-01
4.200000e-01	-1.354020e-01	-1.688290e-01	7.773550e-01
4.400000e-01	-1.740960e-01	-1.171350e-01	8.492670e-01
4.600000e-01	-1.853520e-01	-6.772340e-02	5.652670e-01
4.800000e-01	-9.410210e-02	4.624860e-02	4.264470e-01
5.000000e-01	1.477580e-01	2.130950e-01	7.138870e-01
5.200000e-01	3.902180e-01	2.674530e-01	8.282470e-01
5.400000e-01	3.966820e-01	2.164450e-01	5.927470e-01
5.600000e-01	2.188740e-01	9.609460e-02	4.928330e-01
5.800000e-01	9.860220e-02	-4.444940e-02	4.637550e-01
6.000000e-01	1.643420e-02	-9.575740e-02	4.106110e-01
6.200000e-01	-8.100180e-02	-1.128140e-02	4.851370e-01
6.400000e-01	6.977820e-02	1.091390e-01	8.989370e-01
6.600000e-01	3.178380e-01	1.468270e-01	1.252160e+00
6.800000e-01	3.555520e-01	1.104510e-01	1.235740e+00
7.000000e-01	2.382520e-01	5.816460e-02	1.027780e+00
7.200000e-01	1.853720e-01	8.506660e-02	9.407350e-01
7.400000e-01	3.534700e-01	2.739110e-01	1.302120e+00
7.600000e-01	5.053420e-01	4.071810e-01	1.328450e+00
7.800000e-01	4.639560e-01	3.771310e-01	8.307050e-01
8.000000e-01	3.365160e-01	3.736160e-01	7.674130e-01
8.200000e-01	5.183900e-01	3.970380e-01	1.258290e+00
8.400000e-01	7.833300e-01	4.132370e-01	1.065410e+00
8.600000e-01	5.252500e-01	4.347790e-01	1.995670e-01
8.800000e-01	1.826900e-01	4.612450e-01	2.479790e-01
9.000000e-01	2.290660e-01	4.559710e-01	7.144190e-01
9.200000e-01	3.774080e-01	4.699090e-01	6.827090e-01
9.400000e-01	1.455280e-01	5.486670e-01	2.497490e-01
9.600000e-01	7.993810e-02	6.427370e-01	1.134070e-01
9.800000e-01	4.810580e-01	7.216370e-01	2.598910e-01
1.000000e-00	7.769980e-01	8.262330e-01	3.085250e-01
1.020000e+00	8.300900e-01	8.719530e-01	2.386950e-01
1.040000e+00	7.267260e-01	8.330810e-01	1.117950e-01
1.060000e+00	6.890840e-01	8.544270e-01	5.016150e-01
1.080000e+00	7.835240e-01	9.237430e-01	1.021560e+00
1.100000e+00	8.977200e-01	1.008270e+00	1.143920e+00
1.120000e+00	8.695700e-01	9.303750e-01	9.143030e-01
1.140000e+00	7.725980e-01	8.276650e-01	7.628770e-01
1.160000e+00	6.768680e-01	7.558950e-01	4.491170e-01
1.180000e+00	5.643080e-01	7.189070e-01	1.138370e-01
1.200000e+00	5.141680e-01	7.437970e-01	1.918950e-01
1.220000e+00	6.138020e-01	7.502170e-01	4.299350e-01
1.240000e+00	7.328120e-01	6.855330e-01	3.738330e-01
1.260000e+00	6.408120e-01	5.685970e-01	9.453320e-02
1.280000e+00	5.494120e-01	4.786970e-01	5.903520e-02
1.300000e+00	5.961200e-01	4.312630e-01	8.650720e-02
1.320000e+00	5.268780e-01	4.618390e-01	-1.476930e-01
1.340000e+00	3.025980e-01	5.484890e-01	-3.939930e-01
1.360000e+00	2.123040e-01	5.830490e-01	-3.101650e-01
1.380000e+00	3.728480e-01	5.659770e-01	2.415240e-03
1.400000e+00	5.679960e-01	5.941330e-01	2.601750e-01
1.420000e+00	5.676250e-01	5.886480e-01	1.959610e-01
1.440000e+00	4.779590e-01	5.291300e-01	-7.241880e-02
1.460000e+00	3.911770e-01	5.894660e-01	-2.533080e-02
1.480000e+00	2.896870e-01	6.861060e-01	-4.643680e-02
1.500000e+00	1.762510e-01	7.327960e-01	-2.418830e-01
1.520000e+00	-1.179090e-02	7.475460e-01	-2.269520e-01
1.540000e+00	-4.625690e-02	6.255720e-01	-1.327240e-01
1.560000e+00	1.421910e-02	4.585700e-01	-1.263620e-01
1.580000e+00	-9.262690e-02	3.801620e-01	-1.707640e-01
1.600000e+00	-1.137010e-01	4.200680e-01	2.240160e-01
1.620000e+00	1.408110e-02	4.515100e-01	1.776700e-01
1.640000e+00	-3.486490e-02	5.323020e-01	-2.099900e-01
1.660000e+00	-2.273990e-01	6.770140e-01	-1.610460e-01
1.680000e+00	-4.364090e-02	6.915480e-01	6.265430e-02
1.700000e+00	3.445790e-01	6.205080e-01	6.170670e-02
1.720000e+00	4.034670e-01	5.195700e-01	-3.744730e-01
1.740000e+00	4.492670e-01	3.666800e-01	-4.902230e-01
1.760000e+00	4.587270e-01	2.106460e-01	-4.553710e-01
1.780000e+00	3.438110e-01	2.112300e-01	-4.195910e-01
1.800000e+00	1.255110e-01	3.106360e-01	-4.124210e-01
1.820000e+00	-2.585490e-01	3.057990e-01	-3.415850e-01
1.840000e+00	-4.500730e-01	2.026010e-01	-1.085450e-01
1.860000e+00	-4.418700e-01	6.534060e-02	-7.493510e-02
1.880000e+00	-3.882980e-01	9.490570e-03	-2.156070e-01
1.900000e+00	-3.477320e-01	3.034860e-02	-3.561330e-01
1.920000e+00	-2.939960e-01	6.645660e-02	-3.734570e-01
1.940000e+00	-1.749580e-01	1.318450e-01	-2.987970e-01
1.960000e+00	-1.332460e-01	1.170230e-01	-2.321550e-01
1.980000e+00	-1.140280e-01	1.672920e-02	-2.881810e-01
2.000000e+00	-3.759150e-02	-4.262080e-02	-2.631510e-01
2.020000e+00	6.442250e-02	-3.740980e-02	-2.536040e-01
2.040000e+00	1.567520e-01	4.134620e-02	-3.458140e-01
2.060000e+00	1.236060e-01	1.727760e-01	-2.922080e-01
2.080000e+00	-3.865950e-02	1.865150e-01	-2.521840e-01
2.100000e+00	-2.124920e-01	6.905340e-02	-1.182540e-01
2.120000e+00	-4.550320e-01	-9.631860e-02	-2.490190e-02
2.140000e+00	-5.739290e-01	-2.662750e-01	-8.493790e-02
2.160000e+00	-5.158550e-01	-3.041110e-01	-3.127780e-01
2.180000e+00	-4.160760e-01	-1.644350e-01	-4.845340e-01
2.200000e+00	-1.780960e-01	9.234530e-02	-4.646050e-01
2.220000e+00	9.272450e-02	2.472950e-01	-5.313030e-01
2.240000e+00	1.388200e-01	1.742030e-01	-6.314570e-01
2.260000e+00	-5.341520e-03	-5.693660e-02	-6.086890e-01
2.280000e+00	-1.522660e-01	-3.153570e-01	-4.905350e-01
2.300000e+00	-2.142560e-01	-4.930150e-01	-3.932270e-01
2.320000e+00	-2.051410e-01	-5.337690e-01	-3.629950e-01
2.340000e+00	-1.680470e-01	-4.809830e-01	-3.011970e-01
2.360000e+00	-1.411790e-01	-4.474290e-01	-2.787790e-01
2.380000e+00	-2.154910e-01	-3.994870e-01	-2.104870e-01
2.400000e+00	-2.949470e-01	-2.853830e-01	-8.079070e-02
2.420000e+00	-2.838250e-01	-1.779810e-01	1.829490e-01
2.440000e+00	-1.925930e-01	-1.126050e-01	4.787490e-01
2.460000e+00	-1.394410e-01	-1.611390e-01	3.732790e-01
2.480000e+00	-2.107850e-01	-2.574230e-01	8.307930e-02
2.500000e+00	-3.942590e-01	-2.727580e-01	5.115930e-02
2.520000e+00	-3.843350e-01	-1.509080e-01	5.443790e-01
2.540000e+00	-1.522950e-01	-6.001630e-03	8.578590e-01
2.560000e+00	2.273910e-02	8.765570e-03	5.573190e-01
2.580000e+00	7.367710e-02	-7.639040e-02	6.541930e-02
2.600000e+00	8.150850e-02	-1.800560e-01	1.423770e-01
2.620000e+00	2.229840e-01	-2.636100e-01	4.486170e-01
2.640000e+00	3.179520e-01	-2.940120e-01	1.150970e-01
2.660000e+00	3.060350e-01	-2.479260e-01	-2.646030e-01
2.680000e+00	3.581170e-01	-2.398030e-01	5.917240e-03
2.700000e+00	5.695970e-01	-2.680230e-01	2.215170e-01
2.720000e+00	6.585070e-01	-2.001630e-01	2.988290e-01
2.740000e+00	5.355270e-01	-1.064270e-01	1.879090e-01
2.760000e+00	5.170710e-01	-4.889300e-02	-5.993080e-02
2.780000e+00	5.463870e-01	9.899900e-02	2.092690e-01
2.800000e+00	5.181290e-01	2.814530e-01	6.052690e-01
2.820000e+00	5.298570e-01	3.390710e-01	5.577290e-01
2.840000e+00	4.120440e-01	2.858590e-01	4.127290e-01
2.860000e+00	2.860270e-01	2.502570e-01	7.057890e-01
2.880000e+00	5.278260e-01	1.804150e-01	8.138810e-01
2.900000e+00	5.186860e-01	1.225010e-01	4.435610e-01
2.920000e+00	3.587320e-01	2.274070e-01	4.386680e-01
2.940000e+00	5.051880e-01	3.212270e-01	4.576570e-01
2.960000e+00	6.347360e-01	2.991770e-01	-4.294300e-02
2.980000e+00	5.416080e-01	3.826310e-01	-4.555830e-01
3.000000e+00	4.103960e-01	4.386310e-01	-3.670010e-01
3.020000e+00	3.527100e-01	2.563230e-01	-4.752350e-01
3.040000e+00	1.795560e-01	4.102290e-02	-8.361150e-01
3.060000e+00	-1.765640e-01	-1.211550e-01	-9.942530e-01
3.080000e+00	-2.192800e-01	-2.168510e-01	-1.035580e+00
3.100000e+00	-1.042030e-02	-1.651570e-01	-8.409250e-01
3.120000e+00	3.222170e-02	9.994930e-03	-6.640810e-01
3.140000e+00	1.386860e-01	1.601930e-01	-5.780070e-01
3.160000e+00	3.372170e-02	1.866350e-01	-7.984670e-01
3.180000e+00	-1.525740e-01	1.849600e-01	-8.435510e-01
3.200000e+00	-1.574780e-01	1.805230e-01	-6.606270e-01
3.220000e+00	-1.253580e-01	1.039810e-01	-6.183870e-01
3.240000e+00	-9.323630e-02	6.220120e-02	-5.837270e-01
3.260000e+00	-8.758970e-02	8.895230e-03	-3.545070e-01
3.280000e+00	-3.437170e-02	-1.022070e-01	-8.208700e-02
3.300000e+00	-2.648110e-02	-1.427850e-01	9.231300e-02
3.320000e+00	-1.301390e-01	-1.230850e-01	2.323170e-01
3.340000e+00	-1.087590e-01	-1.513150e-01	5.576900e-02
3.360000e+00	-5.595710e-02	-1.919130e-01	-2.742910e-01
3.380000e+00	-9.959510e-02	-2.103170e-01	-4.609410e-01
3.400000e+00	-1.455310e-02	-3.063070e-01	-4.462820e-01
3.420000e+00	8.738290e-02	-4.391210e-01	-6.097700e-01
3.440000e+00	1.259610e-01	-4.364310e-01	-7.148980e-01
3.460000e+00	2.008410e-01	-3.771450e-01	-8.266860e-01
3.480000e+00	2.343190e-01	-3.971280e-01	-1.085230e+00
3.500000e+00	7.977890e-02	-4.231140e-01	-1.274280e+00
3.520000e+00	-1.427810e-01	-4.472000e-01	-1.401150e+00
3.540000e+00	-2.550530e-01	-4.434880e-01	-1.419330e+00
3.560000e+00	-3.137510e-01	-4.306500e-01	-1.495120e+00
3.580000e+00	-3.877770e-01	-4.321200e-01	-1.598860e+00
3.600000e+00	-3.901780e-01	-4.487990e-01	-1.560210e+00
3.620000e+00	-3.675020e-01	-5.306590e-01	-1.505750e+00
3.640000e+00	-4.437060e-01	-6.488810e-01	-1.580750e+00
3.660000e+00	-6.170100e-01	-7.321610e-01	-1.438310e+00
3.680000e+00	-8.181700e-01	-8.094970e-01	-1.156770e+00
3.700000e+00	-9.149660e-01	-8.630990e-01	-1.052830e+00
3.720000e+00	-1.059310e+00	-8.635880e-01	-1.091390e+00
3.740000e+00	-1.082240e+00	-8.848680e-01	-8.724480e-01
3.760000e+00	-9.085840e-01	-9.463320e-01	-4.346680e-01
3.780000e+00	-9.246040e-01	-1.119130e+00	-1.640480e-01
3.800000e+00	-1.077270e+00	-1.310650e+00	-1.393520e-01
3.820000e+00	-1.332430e+00	-1.470720e+00	-3.252060e-01
3.840000e+00	-1.610490e+00	-1.560040e+00	-2.993280e-01
3.860000e+00	-1.625530e+00	-1.586350e+00	9.292190e-03
3.880000e+00	-1.462130e+00	-1.652860e+00	-2.009880e-01
3.900000e+00	-1.413370e+00	-1.711340e+00	-1.045670e+00
3.920000e+00	-1.456400e+00	-1.692800e+00	-1.168140e+00
3.940000e+00	-1.253940e+00	-1.660160e+00	-7.798360e-01
3.960000e+00	-9.608800e-01	-1.666210e+00	-8.141560e-01
3.980000e+00	-1.132870e+00	-1.735760e+00	-1.177220e+00
4.000000e+00	-1.427230e+00	-1.889640e+00	-1.189360e+00
4.020000e+00	-1.509860e+00	-1.934450e+00	-9.679220e-01
4.040000e+00	-1.626370e+00	-1.760490e+00	-8.258240e-01
4.060000e+00	-1.700600e+00	-1.502670e+00	-7.289720e-01
4.080000e+00	-1.549220e+00	-1.384120e+00	-7.637780e-01
4.100000e+00	-1.295160e+00	-1.388430e+00	-7.823540e-01
4.120000e+00	-1.063820e+00	-1.435900e+00	-4.151740e-01
4.140000e+00	-9.156240e-01	-1.533490e+00	-1.715340e-01
4.160000e+00	-8.914420e-01	-1.673660e+00	-4.194940e-01
4.180000e+00	-1.033000e+00	-1.710370e+00	-4.621340e-01
4.200000e+00	-1.003060e+00	-1.661260e+00	-2.305940e-01
4.220000e+00	-7.640780e-01	-1.631240e+00	2.468660e-01
4.240000e+00	-6.785140e-01	-1.641130e+00	6.818460e-01
4.260000e+00	-7.879900e-01	-1.687250e+00	6.081620e-01
4.280000e+00	-1.011090e+00	-1.642240e+00	3.860420e-01
4.300000e+00	-1.150630e+00	-1.524470e+00	3.813200e-01
4.320000e+00	-9.739300e-01	-1.357570e+00	4.697600e-01
4.340000e+00	-6.708500e-01	-1.189050e+00	3.705860e-01
4.360000e+00	-5.079740e-01	-1.113900e+00	3.341700e-01
4.380000e+00	-3.447980e-01	-1.069080e+00	5.117320e-01
4.400000e+00	-1.379980e-01	-1.016030e+00	3.834080e-01
4.420000e+00	-1.014580e-01	-8.600540e-01	1.814680e-01
4.440000e+00	-9.793890e-02	-5.844940e-01	2.137620e-01
4.460000e+00	2.957910e-02	-3.261140e-01	2.554860e-01
4.480000e+00	4.585120e-03	-1.447400e-01	1.754360e-01
4.500000e+00	-2.042750e-01	-2.398380e-02	2.311720e-01
4.520000e+00	-2.818630e-01	7.323820e-02	5.017720e-01
4.540000e+00	-2.230450e-01	1.740200e-01	7.392320e-01
4.560000e+00	-2.668290e-01	3.722240e-01	9.301380e-01
4.580000e+00	-3.336270e-01	5.936640e-01	1.180760e+00
4.600000e+00	-3.424890e-01	7.736980e-01	1.365370e+00
4.620000e+00	-3.583940e-01	9.617160e-01	1.405010e+00
4.640000e+00	-4.406400e-01	1.240700e+00	1.592800e+00
4.660000e+00	-5.232860e-01	1.408700e+00	1.612310e+00
4.680000e+00	-6.083320e-01	1.490580e+00	1.392790e+00
4.700000e+00	-7.525740e-01	1.611360e+00	1.398100e+00
4.720000e+00	-7.821660e-01	1.556570e+00	1.637400e+00
4.740000e+00	-6.858780e-01	1.264430e+00	1.595920e+00
4.760000e+00	-7.541300e-01	1.126630e+00	1.237260e+00
4.780000e+00	-8.009700e-01	1.235640e+00	1.045420e+00
4.800000e+00	-5.282700e-01	1.324180e+00	1.205930e+00
4.820000e+00	-4.653580e-01	1.164380e+00	1.633890e+00
4.840000e+00	-8.864780e-01	7.377040e-01	1.964650e+00
4.860000e+00	-1.262500e+00	2.303640e-01	1.871170e+00
4.880000e+00	-9.298980e-01	-1.130960e-01	1.596770e+00
4.900000e+00	2.741910e-03	-6.992980e-02	1.437160e+00
4.920000e+00	9.413020e-01	1.018180e-01	1.542360e+00
4.940000e+00	1.217340e+00	1.510940e-01	1.760460e+00
4.960000e+00	1.025860e+00	-3.203460e-01	1.973840e+00
4.980000e+00	8.658440e-01	-5.205460e-01	2.299580e+00
5.000000e+00	9.016020e-01	-1.550060e-01	2.646540e+00
5.020000e+00	1.315360e+00	2.270140e-01	2.677950e+00
5.040000e+00	1.718580e+00	6.567140e-01	2.386470e+00
5.060000e+00	1.796940e+00	1.158430e+00	2.280230e+00
5.080000e+00	1.529480e+00	1.700610e+00	2.257870e+00
5.100000e+00	1.186160e+00	2.070470e+00	2.252670e+00
5.120000e+00	9.624580e-01	2.276110e+00	2.168690e+00
5.140000e+00	9.453510e-01	2.324590e+00	2.021600e+00
5.160000e+00	8.796750e-01	2.270630e+00	1.829170e+00
5.180000e+00	4.910750e-01	2.185380e+00	1.500170e+00
5.200000e+00	1.603550e-01	2.246490e+00	1.307670e+00
5.220000e+00	1.800110e-01	2.392330e+00	1.256830e+00
5.240000e+00	3.885310e-01	2.482710e+00	1.142760e+00
5.260000e+00	6.131510e-01	2.338550e+00	9.987480e-01
5.280000e+00	5.549830e-01	1.934370e+00	1.103330e+00
5.300000e+00	2.952230e-01	1.521810e+00	1.256230e+00
5.320000e+00	2.836420e-01	1.372230e+00	9.179680e-01
5.340000e+00	6.827820e-01	1.560610e+00	2.759680e-01
5.360000e+00	1.526080e+00	1.902750e+00	3.674800e-02
5.380000e+00	2.192860e+00	2.113190e+00	1.092560e-01
5.400000e+00	2.040850e+00	2.026030e+00	1.410000e-01
5.420000e+00	1.596450e+00	1.910960e+00	1.193920e-01
5.440000e+00	1.626340e+00	2.034010e+00	-1.723680e-01
5.460000e+00	1.947160e+00	2.429410e+00	-7.083280e-01
5.480000e+00	1.982650e+00	2.937990e+00	-1.018590e+00
5.500000e+00	1.863520e+00	2.906040e+00	-1.008980e+00
5.520000e+00	1.907360e+00	2.455480e+00	-9.013420e-01
5.540000e+00	1.674700e+00	2.093180e+00	-7.660700e-01
5.560000e+00	1.047480e+00	1.792660e+00	-5.671360e-01
5.580000e+00	5.967800e-01	1.497740e+00	-4.551560e-01
5.600000e+00	7.791260e-01	1.105940e+00	-4.606490e-01
5.620000e+00	1.225510e+00	1.002810e+00	-2.116490e-01
5.640000e+00	1.296770e+00	1.134220e+00	1.082510e-01
5.660000e+00	9.670520e-01	1.137650e+00	5.482510e-01
5.680000e+00	5.105720e-01	8.493920e-01	9.992510e-01
5.700000e+00	1.687920e-01	5.043520e-01	1.332030e+00
5.720000e+00	1.383320e-01	3.880700e-01	1.638850e+00
5.740000e+00	-1.031480e-01	-9.370010e-03	1.820080e+00
5.760000e+00	-7.401280e-01	-5.453300e-01	2.034840e+00
5.780000e+00	-1.591270e+00	-1.160050e+00	2.480780e+00
5.800000e+00	-2.356470e+00	-1.182680e+00	2.591850e+00
5.820000e+00	-1.894130e+00	-6.267800e-01	2.111770e+00
5.840000e+00	-6.055080e-01	-1.048600e-01	1.857850e+00
5.860000e+00	5.837180e-02	2.792800e-01	1.887290e+00
5.880000e+00	-3.689820e-02	2.069500e-01	2.105190e+00
5.900000e+00	-3.757580e-01	-2.716700e-01	1.958340e+00
5.920000e+00	-3.432780e-01	-6.432500e-01	1.024180e+00
5.940000e+00	4.275820e-01	-1.588300e-01	4.511050e-01
5.960000e+00	1.148740e+00	1.542500e-01	5.135430e-01
5.980000e+00	1.327080e+00	-2.518300e-01	4.177470e-01
6.000000e+00	1.217250e+00	-6.803700e-01	-2.925350e-02
6.020000e+00	1.149490e+00	-5.762980e-01	-4.596730e-01
6.040000e+00	1.621590e+00	5.470200e-02	-1.000490e+00
6.060000e+00	2.562150e+00	8.884420e-01	-1.632610e+00
6.080000e+00	3.248510e+00	1.189980e+00	-1.753880e+00
6.100000e+00	3.496010e+00	6.282220e-01	-1.471920e+00
6.120000e+00	3.061190e+00	-3.527800e-02	-1.296770e+00
6.140000e+00	2.083650e+00	-3.621580e-01	-1.474430e+00
6.160000e+00	1.457770e+00	-5.087960e-01	-1.572400e+00
6.180000e+00	1.185050e+00	-8.031560e-01	-1.445460e+00
6.200000e+00	8.384500e-01	-1.216620e+00	-1.388620e+00
6.220000e+00	1.655500e-01	-1.571260e+00	-1.453080e+00
6.240000e+00	-6.794700e-01	-1.980980e+00	-1.170500e+00
6.260000e+00	-1.633470e+00	-2.613840e+00	-5.661810e-01
6.280000e+00	-2.377730e+00	-3.164380e+00	1.231850e-02
6.300000e+00	-2.418230e+00	-3.203920e+00	-2.348620e-01
6.320000e+00	-1.877230e+00	-2.616580e+00	-1.111240e+00
6.340000e+00	-1.267990e+00	-1.572740e+00	-1.720100e+00
6.360000e+00	-8.133700e-01	-7.835180e-01	-1.644560e+00
6.380000e+00	-3.212900e-01	-7.427320e-01	-1.326840e+00
6.400000e+00	1.259700e-01	-9.539120e-01	-1.137920e+00
6.420000e+00	2.487660e-01	-1.080940e+00	-8.671640e-01
6.440000e+00	2.433620e-01	-1.197250e+00	-1.028900e+00
6.460000e+00	3.636760e-01	-1.261640e+00	-1.411560e+00
6.480000e+00	4.205540e-01	-1.171270e+00	-1.581290e+00
6.500000e+00	1.671340e-01	-8.937300e-01	-1.498700e+00
6.520000e+00	-3.562660e-01	-9.747400e-01	-1.530120e+00
6.540000e+00	-9.148460e-01	-1.516500e+00	-1.329660e+00
6.560000e+00	-1.197290e+00	-2.220280e+00	-9.617820e-01
6.580000e+00	-1.024540e+00	-2.761480e+00	-6.313420e-01
6.600000e+00	-9.849360e-01	-2.926810e+00	-4.848320e-01
6.620000e+00	-1.070010e+00	-2.951950e+00	-4.679640e-01
6.640000e+00	-8.106900e-01	-3.034070e+00	1.335360e-01
6.660000e+00	-4.861500e-01	-3.300370e+00	9.030760e-01
6.680000e+00	-3.441180e-01	-3.586170e+00	1.376080e+00
6.700000e+00	-3.136960e-01	-3.667130e+00	1.311800e+00
6.720000e+00	-3.993610e-02	-3.436910e+00	9.519400e-01
6.740000e+00	6.592440e-01	-2.893730e+00	6.713800e-01
6.760000e+00	1.349000e+00	-2.338790e+00	5.498420e-01
6.780000e+00	1.644700e+00	-1.968050e+00	5.974500e-01
6.800000e+00	1.594300e+00	-1.897650e+00	3.522900e-01
6.820000e+00	1.358480e+00	-1.893600e+00	9.652990e-02
6.840000e+00	9.973040e-01	-1.588300e+00	1.147150e-01
6.860000e+00	6.935640e-01	-1.202520e+00	9.558010e-02
6.880000e+00	5.012920e-01	-9.074160e-01	-3.273200e-01
6.900000e+00	3.169060e-01	-7.303270e-01	-6.436400e-01
6.920000e+00	-6.777410e-02	-8.288480e-01	-4.536140e-01
6.940000e+00	-6.012140e-01	-1.367070e+00	1.532260e-01
6.960000e+00	-1.359850e+00	-2.158510e+00	5.554260e-01
6.980000e+00	-1.960730e+00	-2.655350e+00	5.652870e-01
7.000000e+00	-2.075780e+00	-2.327190e+00	6.061450e-01
7.020000e+00	-2.087790e+00	-1.653670e+00	5.110190e-01
7.040000e+00	-1.966030e+00	-1.040870e+00	4.583570e-01
7.060000e+00	-1.736610e+00	-7.850670e-01	3.922670e-01
7.080000e+00	-1.512670e+00	-1.005050e+00	4.966610e-01
7.100000e+00	-1.646120e+00	-1.397010e+00	6.933310e-01
7.120000e+00	-2.049820e+00	-1.926530e+00	8.630470e-01
7.140000e+00	-2.445940e+00	-2.626430e+00	9.378050e-01
7.160000e+00	-2.615240e+00	-2.957630e+00	6.751050e-01
7.180000e+00	-2.438820e+00	-2.574810e+00	3.980250e-01
7.200000e+00	-2.183620e+00	-2.098270e+00	3.789370e-01
7.220000e+00	-1.926740e+00	-1.711310e+00	5.486870e-01
7.240000e+00	-1.786000e+00	-1.361930e+00	6.775130e-01
7.260000e+00	-1.771130e+00	-9.279070e-01	6.372750e-01
7.280000e+00	-1.395190e+00	-4.033270e-01	4.367950e-01
7.300000e+00	-6.409460e-01	2.228330e-01	7.471480e-02
7.320000e+00	2.051360e-02	1.011230e+00	-3.372450e-01
7.340000e+00	4.932540e-01	1.937150e+00	-5.424250e-01
7.360000e+00	8.548140e-01	2.779750e+00	-8.414050e-01
7.380000e+00	1.262490e+00	3.382790e+00	-1.268710e+00
7.400000e+00	1.586490e+00	3.854190e+00	-1.413240e+00
7.420000e+00	1.542170e+00	4.010840e+00	-1.324070e+00
7.440000e+00	1.179190e+00	3.521120e+00	-1.283130e+00
7.460000e+00	6.307900e-01	2.325820e+00	-1.446300e+00
7.480000e+00	-6.645040e-02	8.883990e-01	-1.637880e+00
7.500000e+00	-7.934100e-01	-4.546010e-01	-1.640790e+00
7.520000e+00	-1.484310e+00	-1.173380e+00	-1.423170e+00
7.540000e+00	-2.103930e+00	-1.078460e+00	-1.142950e+00
7.560000e+00	-2.506490e+00	-7.931550e-01	-8.952930e-01
7.580000e+00	-2.652290e+00	-6.195730e-01	-5.664730e-01
7.600000e+00	-2.874750e+00	-5.498770e-01	-2.038530e-01
7.620000e+00	-3.131610e+00	-4.788790e-01	2.571670e-01
7.640000e+00	-3.348110e+00	-3.660570e-01	5.831870e-01
7.660000e+00	-3.509560e+00	-2.219730e-01	6.242250e-01
7.680000e+00	-3.344940e+00	1.393070e-01	5.195090e-01
7.700000e+00	-2.802840e+00	1.041190e+00	4.372850e-01
7.720000e+00	-2.156380e+00	2.131810e+00	6.243470e-01
7.740000e+00	-1.755140e+00	2.904910e+00	7.871930e-01
7.760000e+00	-1.395720e+00	3.451790e+00	8.520990e-01
7.780000e+00	-1.042520e+00	3.935030e+00	8.519840e-01
7.800000e+00	-8.619320e-01	4.449610e+00	5.688840e-01
7.820000e+00	-9.351380e-01	5.130610e+00	1.678840e-01
7.840000e+00	-1.256460e+00	5.988710e+00	-1.164560e-01
7.860000e+00	-1.225240e+00	6.672790e+00	-3.492560e-01
7.880000e+00	-6.611240e-01	6.969270e+00	-5.717960e-01
7.900000e+00	-2.883240e-01	7.063330e+00	-6.609760e-01
7.920000e+00	-3.286460e-01	7.099870e+00	-5.715060e-01
7.940000e+00	-5.818060e-01	7.037800e+00	-5.357900e-01
7.960000e+00	-1.063510e+00	6.857610e+00	-6.741840e-01
7.980000e+00	-1.614550e+00	6.511710e+00	-5.931640e-01
8.000000e+00	-2.096150e+00	5.805150e+00	-2.620840e-01
8.020000e+00	-2.401350e+00	4.853550e+00	-1.230380e-02
8.040000e+00	-2.575480e+00	3.975050e+00	8.832820e-02
8.060000e+00	-2.716190e+00	3.281110e+00	2.136540e-01
8.080000e+00	-2.710050e+00	2.739570e+00	5.332940e-01
8.100000e+00	-2.610690e+00	2.337130e+00	8.034940e-01
8.120000e+00	-2.562220e+00	2.132430e+00	6.422040e-01
8.140000e+00	-2.526140e+00	2.165240e+00	4.689800e-01
8.160000e+00	-2.516930e+00	2.252330e+00	5.400480e-01
8.180000e+00	-2.561500e+00	2.249050e+00	4.946040e-01
8.200000e+00	-2.645240e+00	2.203910e+00	3.565820e-01
8.220000e+00	-2.866800e+00	2.193900e+00	2.353280e-01
8.240000e+00	-2.902770e+00	2.164720e+00	8.883820e-02
8.260000e+00	-2.527670e+00	2.064060e+00	-1.752620e-01
8.280000e+00	-1.918150e+00	1.953520e+00	-5.481820e-01
8.300000e+00	-9.651660e-01	1.858840e+00	-8.389020e-01
8.320000e+00	1.874140e-01	1.786070e+00	-1.108140e+00
8.340000e+00	1.299810e+00	1.793330e+00	-1.625020e+00
8.360000e+00	2.304330e+00	1.914020e+00	-2.247760e+00
8.380000e+00	3.256010e+00	1.971680e+00	-2.776040e+00
8.400000e+00	3.955910e+00	1.805010e+00	-3.108200e+00
8.420000e+00	4.281210e+00	1.350490e+00	-3.268540e+00
8.440000e+00	4.480460e+00	7.506920e-01	-3.554040e+00
8.460000e+00	4.534720e+00	1.771930e-01	-4.199900e+00
8.480000e+00	4.596150e+00	8.124050e-02	-4.988580e+00
8.500000e+00	4.823350e+00	5.355200e-01	-5.508020e+00
8.520000e+00	5.146610e+00	1.131180e+00	-5.799540e+00
8.540000e+00	5.490050e+00	1.743120e+00	-5.974790e+00
8.560000e+00	5.865710e+00	2.297660e+00	-6.051400e+00
8.580000e+00	6.376330e+00	2.670700e+00	-6.206910e+00
8.600000e+00	7.099730e+00	2.876420e+00	-6.416870e+00
8.620000e+00	7.703430e+00	2.753530e+00	-6.700470e+00
8.640000e+00	7.789860e+00	2.271830e+00	-6.645250e+00
8.660000e+00	7.057780e+00	1.552230e+00	-6.296130e+00
8.680000e+00	5.606400e+00	5.514290e-01	-5.875230e+00
8.700000e+00	3.862000e+00	-6.564510e-01	-5.049410e+00
8.720000e+00	2.552900e+00	-2.022750e+00	-4.072070e+00
8.740000e+00	2.099720e+00	-3.258210e+00	-3.630370e+00
8.760000e+00	2.253140e+00	-3.956030e+00	-3.239170e+00
8.780000e+00	2.126190e+00	-4.403870e+00	-2.491890e+00
8.800000e+00	1.452430e+00	-4.916170e+00	-1.713690e+00
8.820000e+00	4.634740e-01	-5.315610e+00	-9.908920e-01
8.840000e+00	-7.187460e-01	-5.560630e+00	-2.514120e-01
8.860000e+00	-1.525150e+00	-5.604610e+00	6.112480e-01
8.880000e+00	-2.014110e+00	-5.547810e+00	1.427730e+00
8.900000e+00	-2.503930e+00	-5.552280e+00	2.126710e+00
8.920000e+00	-3.145170e+00	-5.564240e+00	2.768270e+00
8.940000e+00	-3.943950e+00	-5.400220e+00	3.365250e+00
8.960000e+00	-4.541610e+00	-4.815820e+00	3.941730e+00
8.980000e+00	-4.664850e+00	-3.935400e+00	4.333650e+00
9.000000e+00	-4.292090e+00	-3.014260e+00	4.439530e+00
9.020000e+00	-3.453450e+00	-2.545960e+00	4.528160e+00
9.040000e+00	-2.706570e+00	-2.771740e+00	4.620410e+00
9.060000e+00	-2.306990e+00	-3.354800e+00	4.632950e+00
9.080000e+00	-2.148150e+00	-3.524620e+00	4.467560e+00
9.100000e+00	-1.985350e+00	-3.032660e+00	4.207700e+00
9.120000e+00	-1.464850e+00	-2.296940e+00	3.860980e+00
9.140000e+00	-5.826080e-01	-1.696720e+00	3.531960e+00
9.160000e+00	3.244920e-01	-1.417620e+00	3.360940e+00
9.180000e+00	9.555520e-01	-1.235450e+00	3.208090e+00
9.200000e+00	1.347330e+00	-1.007730e+00	2.928430e+00
9.220000e+00	1.586830e+00	-6.711700e-01	2.442630e+00
9.240000e+00	1.769570e+00	-2.211700e-01	1.834510e+00
9.260000e+00	2.037190e+00	2.490300e-01	1.518030e+00
9.280000e+00	2.266330e+00	6.815900e-01	1.530070e+00
9.300000e+00	2.439060e+00	1.139870e+00	1.346710e+00
9.320000e+00	2.786240e+00	1.707950e+00	9.256450e-01
9.340000e+00	3.225080e+00	2.031370e+00	2.565250e-01
9.360000e+00	3.715380e+00	1.964630e+00	-1.737750e-01
9.380000e+00	4.074540e+00	1.785830e+00	-2.088950e-01
9.400000e+00	4.219640e+00	1.547210e+00	-3.076730e-01
9.420000e+00	4.175740e+00	1.300670e+00	-5.764730e-01
9.440000e+00	3.918160e+00	9.096540e-01	-6.634090e-01
9.460000e+00	3.473000e+00	2.605940e-01	-7.361730e-01
9.480000e+00	3.266320e+00	-4.283260e-01	-1.291090e+00
9.500000e+00	3.450460e+00	-5.495780e-01	-1.730770e+00
9.520000e+00	3.802920e+00	-3.638960e-01	-1.674390e+00
9.540000e+00	4.215820e+00	-2.708280e-01	-1.275550e+00
9.560000e+00	4.255900e+00	-2.440620e-01	-1.063790e+00
9.580000e+00	4.051540e+00	-9.534190e-02	-9.309010e-01
9.600000e+00	3.920140e+00	1.804580e-01	-7.643690e-01
9.620000e+00	3.959920e+00	4.936380e-01	-6.438890e-01
9.640000e+00	3.891730e+00	8.242580e-01	-5.262910e-01
9.660000e+00	3.501910e+00	9.903540e-01	-5.790410e-01
9.680000e+00	2.855290e+00	9.131000e-01	-6.086190e-01
9.700000e+00	1.847710e+00	7.137260e-01	-4.445410e-01
9.720000e+00	5.967880e-01	7.875180e-01	-2.210060e-02
9.740000e+00	-5.645720e-01	1.114560e+00	3.734790e-01
9.760000e+00	-1.504470e+00	1.452720e+00	6.757790e-01
9.780000e+00	-2.125130e+00	1.632760e+00	1.013900e+00
9.800000e+00	-2.490770e+00	1.647940e+00	1.495480e+00
9.820000e+00	-3.135610e+00	1.534970e+00	2.019340e+00
9.840000e+00	-3.940170e+00	1.309210e+00	2.629900e+00
9.860000e+00	-4.784390e+00	1.088850e+00	3.294600e+00
9.880000e+00	-5.531150e+00	9.970970e-01	3.845540e+00
9.900000e+00	-5.961350e+00	1.055560e+00	4.321800e+00
9.920000e+00	-6.148240e+00	1.258000e+00	4.650920e+00
9.940000e+00	-5.999420e+00	1.638200e+00	4.842130e+00
9.960000e+00	-5.394460e+00	2.130220e+00	4.845670e+00
9.980000e+00	-4.537160e+00	2.611380e+00	4.684920e+00
1.000000e+01	-3.638240e+00	2.981360e+00	4.466900e+00
1.002000e+01	-2.894820e+00	3.182960e+00	4.103080e+00
1.004000e+01	-2.530020e+00	3.246410e+00	3.662640e+00
1.006000e+01	-2.612060e+00	3.180400e+00	3.422440e+00
1.008000e+01	-3.138820e+00	2.991140e+00	3.281310e+00
1.010000e+01	-3.653540e+00	2.640840e+00	3.065350e+00
1.012000e+01	-3.755500e+00	2.201120e+00	2.653610e+00
1.014000e+01	-3.331340e+00	1.872360e+00	2.242770e+00
1.016000e+01	-2.605840e+00	1.728960e+00	1.878310e+00
1.018000e+01	-1.988940e+00	1.725560e+00	1.535270e+00
1.020000e+01	-1.620420e+00	1.739340e+00	1.358000e+00
1.022000e+01	-1.360380e+00	1.681570e+00	1.278670e+00
1.024000e+01	-1.005400e+00	1.580470e+00	9.910940e-01
1.026000e+01	-4.557780e-01	1.520720e+00	4.379740e-01
1.028000e+01	2.573220e-01	1.502080e+00	-1.414660e-01
1.030000e+01	1.060680e+00	1.540250e+00	-4.931460e-01
1.032000e+01	1.709600e+00	1.597330e+00	-4.600500e-01
1.034000e+01	2.141240e+00	1.416830e+00	-5.790480e-01
1.036000e+01	2.514800e+00	9.557690e-01	-9.347280e-01
1.038000e+01	2.852880e+00	3.439890e-01	-1.164890e+00
1.040000e+01	3.083740e+00	-3.179510e-01	-1.157910e+00
1.042000e+01	3.120670e+00	-9.249110e-01	-1.120920e+00
1.044000e+01	2.972320e+00	-1.483110e+00	-1.103480e+00
1.046000e+01	2.707280e+00	-1.994650e+00	-1.043320e+00
1.048000e+01	2.450020e+00	-2.409690e+00	-9.187000e-01
1.050000e+01	2.165420e+00	-2.677070e+00	-6.198600e-01
1.052000e+01	1.862300e+00	-2.852960e+00	-1.949200e-01
1.054000e+01	1.714650e+00	-3.055740e+00	3.295600e-01
1.056000e+01	1.637820e+00	-3.270140e+00	9.564800e-01
1.058000e+01	1.329680e+00	-3.382410e+00	1.555720e+00
1.060000e+01	9.205780e-01	-3.363250e+00	2.002880e+00
1.062000e+01	6.749380e-01	-3.277540e+00	2.266500e+00
1.064000e+01	6.750740e-01	-3.139250e+00	2.377630e+00
1.066000e+01	8.273840e-01	-2.893790e+00	2.420030e+00
1.068000e+01	1.022220e+00	-2.582550e+00	2.437280e+00
1.070000e+01	1.088520e+00	-2.282450e+00	2.349660e+00
1.072000e+01	1.034870e+00	-2.004370e+00	2.106760e+00
1.074000e+01	9.973800e-01	-1.818570e+00	1.693560e+00
1.076000e+01	9.687800e-01	-1.805050e+00	1.337800e+00
1.078000e+01	8.354160e-01	-1.932070e+00	1.271100e+00
1.080000e+01	4.392160e-01	-2.316890e+00	1.280730e+00
1.082000e+01	-1.250040e-01	-3.005850e+00	1.306910e+00
1.084000e+01	-6.468640e-01	-3.645350e+00	1.377590e+00
1.086000e+01	-8.550040e-01	-3.976530e+00	1.431550e+00
1.088000e+01	-6.544640e-01	-4.150740e+00	1.369430e+00
1.090000e+01	-2.368240e-01	-4.372940e+00	1.175170e+00
1.092000e+01	1.668360e-01	-4.669080e+00	8.937460e-01
1.094000e+01	4.961760e-01	-4.945200e+00	7.624180e-01
1.096000e+01	5.631540e-01	-5.119730e+00	9.328160e-01
1.098000e+01	4.114560e-01	-5.017130e+00	1.014280e+00
1.100000e+01	1.085560e-01	-4.652150e+00	8.707640e-01
1.102000e+01	-3.901040e-01	-4.127110e+00	6.020240e-01
1.104000e+01	-8.229240e-01	-3.554390e+00	3.233040e-01
1.106000e+01	-9.002420e-01	-3.061890e+00	1.230440e-01
1.108000e+01	-5.800220e-01	-2.670830e+00	-3.256620e-02
1.110000e+01	-9.160230e-02	-2.414930e+00	-3.395460e-01
1.112000e+01	5.443580e-01	-2.126970e+00	-7.369260e-01
1.114000e+01	1.134760e+00	-1.709230e+00	-1.062190e+00
1.116000e+01	1.499860e+00	-1.174750e+00	-1.211100e+00
1.118000e+01	1.680090e+00	-6.486070e-01	-1.147770e+00
1.120000e+01	1.642300e+00	-2.869470e-01	-1.043610e+00
1.122000e+01	1.464400e+00	-1.227430e-01	-9.696660e-01
1.124000e+01	1.248520e+00	-1.150960e-01	-8.703920e-01
1.126000e+01	9.679440e-01	-2.770960e-01	-6.920500e-01
1.128000e+01	6.173440e-01	-4.962360e-01	-4.121100e-01
1.130000e+01	1.511440e-01	-6.756100e-01	-4.283020e-02
1.132000e+01	-3.496960e-01	-7.801380e-01	1.894100e-01
1.134000e+01	-7.307360e-01	-7.352940e-01	9.093980e-02
1.136000e+01	-8.305320e-01	-4.990340e-01	-7.617610e-02
1.138000e+01	-6.486520e-01	-1.329950e-01	-2.215800e-01
1.140000e+01	-4.269120e-01	3.086050e-01	-4.864800e-01
1.142000e+01	-2.612000e-01	7.169850e-01	-7.387400e-01
1.144000e+01	-1.822000e-01	1.001450e+00	-8.353400e-01
1.146000e+01	-1.731640e-01	1.163090e+00	-8.108260e-01
1.148000e+01	-3.032920e-01	1.241290e+00	-7.999610e-01
1.150000e+01	-6.203320e-01	1.329470e+00	-8.450510e-01
1.152000e+01	-9.099920e-01	1.349780e+00	-9.534430e-01
1.154000e+01	-1.111890e+00	1.312930e+00	-1.082590e+00
1.156000e+01	-1.310790e+00	1.355760e+00	-1.158700e+00
1.158000e+01	-1.540210e+00	1.509570e+00	-1.211260e+00
1.160000e+01	-1.828290e+00	1.707970e+00	-1.267250e+00
1.162000e+01	-2.074890e+00	1.835670e+00	-1.268620e+00
1.164000e+01	-2.277950e+00	1.856420e+00	-1.253750e+00
1.166000e+01	-2.442380e+00	1.833740e+00	-1.111010e+00
1.168000e+01	-2.706200e+00	1.846520e+00	-8.807710e-01
1.170000e+01	-3.069080e+00	1.952920e+00	-7.305350e-01
1.172000e+01	-3.397380e+00	2.119880e+00	-4.288750e-01
1.174000e+01	-3.674540e+00	2.162910e+00	6.810480e-02
1.176000e+01	-3.794020e+00	1.916430e+00	5.290050e-01
1.178000e+01	-3.878470e+00	1.481810e+00	6.919490e-01
1.180000e+01	-3.910670e+00	1.050990e+00	6.164630e-01
1.182000e+01	-3.713080e+00	7.337670e-01	4.958270e-01
1.184000e+01	-3.365940e+00	5.054470e-01	4.619030e-01
1.186000e+01	-3.221150e+00	2.586870e-01	5.298010e-01
1.188000e+01	-3.400190e+00	1.302740e-02	6.553130e-01
1.190000e+01	-3.864830e+00	-2.242130e-01	8.523490e-01
1.192000e+01	-4.464690e+00	-4.071970e-01	1.075090e+00
1.194000e+01	-4.800510e+00	-4.005030e-01	1.325810e+00
1.196000e+01	-4.787310e+00	-1.848430e-01	1.488680e+00
1.198000e+01	-4.568990e+00	1.395770e-01	1.551570e+00
1.200000e+01	-4.239830e+00	4.325170e-01	1.538450e+00
1.202000e+01	-3.725210e+00	5.747390e-01	1.444140e+00
1.204000e+01	-3.101950e+00	5.894010e-01	1.406920e+00
1.206000e+01	-2.571050e+00	5.251530e-01	1.456200e+00
1.208000e+01	-2.188570e+00	3.595230e-01	1.427350e+00
1.210000e+01	-1.893950e+00	1.700570e-01	1.298010e+00
1.212000e+01	-1.603970e+00	6.311880e-02	1.055710e+00
1.214000e+01	-1.244810e+00	9.782880e-02	7.884720e-01
1.216000e+01	-8.187520e-01	3.034890e-01	5.557720e-01
1.218000e+01	-2.670520e-01	6.310690e-01	3.205120e-01
1.220000e+01	4.374080e-01	1.011390e+00	4.175240e-02
1.222000e+01	1.058230e+00	1.263070e+00	-2.638880e-01
1.224000e+01	1.270130e+00	1.187510e+00	-3.234340e-01
1.226000e+01	1.252600e+00	9.601150e-01	-1.846980e-01
1.228000e+01	1.135490e+00	6.834150e-01	-9.525160e-02
1.230000e+01	8.616890e-01	3.426550e-01	2.561240e-02
1.232000e+01	4.807490e-01	-1.083850e-01	1.995680e-01
1.234000e+01	1.158690e-01	-5.492850e-01	4.510080e-01
1.236000e+01	-1.817510e-01	-7.830850e-01	7.388880e-01
1.238000e+01	-2.959890e-01	-8.500810e-01	8.412000e-01
1.240000e+01	-7.290850e-02	-9.150950e-01	7.757060e-01
1.242000e+01	2.091910e-01	-1.012690e+00	6.672040e-01
1.244000e+01	2.995250e-01	-1.127920e+00	6.554800e-01
1.246000e+01	2.328610e-01	-1.280010e+00	7.334520e-01
1.248000e+01	4.770350e-02	-1.496230e+00	6.339340e-01
1.250000e+01	-2.091770e-01	-1.633550e+00	5.275680e-01
1.252000e+01	-4.619370e-01	-1.568630e+00	5.107970e-01
1.254000e+01	-7.093570e-01	-1.330370e+00	4.407730e-01
1.256000e+01	-9.877560e-01	-9.801650e-01	3.627630e-01
1.258000e+01	-1.216160e+00	-6.259850e-01	3.083250e-01
1.260000e+01	-1.231020e+00	-4.430630e-01	3.253510e-01
1.262000e+01	-1.091260e+00	-5.858450e-01	3.253260e-01
1.264000e+01	-1.018990e+00	-8.230650e-01	3.453920e-01
1.266000e+01	-1.014650e+00	-9.959890e-01	2.930140e-01
1.268000e+01	-1.024530e+00	-1.035310e+00	1.576420e-01
1.270000e+01	-1.076250e+00	-1.005710e+00	8.026400e-02
1.272000e+01	-1.080110e+00	-8.976630e-01	2.085960e-03
1.274000e+01	-9.768740e-01	-7.145270e-01	-1.607060e-01
1.276000e+01	-7.859500e-01	-5.619290e-01	-2.955240e-01
1.278000e+01	-4.796300e-01	-5.086310e-01	-3.028630e-01
1.280000e+01	-6.155040e-02	-5.395670e-01	-3.677370e-01
1.282000e+01	3.873300e-01	-6.006410e-01	-5.404990e-01
1.284000e+01	8.061100e-01	-7.533330e-01	-7.670590e-01
1.286000e+01	1.202230e+00	-9.720730e-01	-1.058580e+00
1.288000e+01	1.595030e+00	-1.065070e+00	-1.246700e+00
1.290000e+01	1.952510e+00	-1.053620e+00	-1.364670e+00
1.292000e+01	2.353630e+00	-1.067930e+00	-1.552520e+00
1.294000e+01	2.659210e+00	-1.030870e+00	-1.791220e+00
1.296000e+01	2.776730e+00	-8.700500e-01	-1.774180e+00
1.298000e+01	2.888150e+00	-7.191960e-01	-1.587890e+00
1.300000e+01	2.978830e+00	-6.951600e-01	-1.519690e+00
1.302000e+01	2.943720e+00	-7.926820e-01	-1.523310e+00
1.304000e+01	2.859930e+00	-8.423560e-01	-1.608750e+00
1.306000e+01	2.855550e+00	-7.176420e-01	-1.664930e+00
1.308000e+01	2.808650e+00	-4.222620e-01	-1.737910e+00
1.310000e+01	2.686380e+00	-1.348220e-01	-1.747220e+00
1.312000e+01	2.669150e+00	4.820960e-02	-1.699600e+00
1.314000e+01	2.759130e+00	2.001620e-01	-1.697970e+00
1.316000e+01	2.987750e+00	4.273420e-01	-1.762340e+00
1.318000e+01	3.270390e+00	7.071020e-01	-1.837920e+00
1.320000e+01	3.387470e+00	9.302620e-01	-1.672770e+00
1.322000e+01	3.345240e+00	1.121780e+00	-1.316390e+00
1.324000e+01	3.252630e+00	1.246320e+00	-1.054550e+00
1.326000e+01	3.140200e+00	1.283720e+00	-1.034870e+00
1.328000e+01	2.986030e+00	1.282420e+00	-1.058340e+00
1.330000e+01	2.781190e+00	1.249470e+00	-1.062880e+00
1.332000e+01	2.504270e+00	1.089710e+00	-9.093020e-01
1.334000e+01	2.055770e+00	8.489930e-01	-7.369320e-01
1.336000e+01	1.521810e+00	6.257130e-01	-6.929020e-01
1.338000e+01	1.150570e+00	5.723130e-01	-6.352640e-01
1.340000e+01	1.032450e+00	6.468910e-01	-5.803900e-01
1.342000e+01	1.035590e+00	8.182510e-01	-4.723820e-01
1.344000e+01	8.342900e-01	1.103650e+00	-4.196680e-01
1.346000e+01	4.711300e-01	1.520210e+00	-3.334160e-01
1.348000e+01	1.610300e-01	2.048470e+00	-2.102800e-01
1.350000e+01	-4.376960e-02	2.452530e+00	-1.434400e-01
1.352000e+01	-1.034740e-01	2.703170e+00	-1.583320e-01
1.354000e+01	-1.491280e-01	2.818840e+00	-1.907160e-01
1.356000e+01	-2.555600e-01	2.824220e+00	-2.491160e-01
1.358000e+01	-3.354160e-01	2.817210e+00	-3.807620e-01
1.360000e+01	-4.388480e-01	2.820970e+00	-5.941620e-01
1.362000e+01	-4.824240e-01	2.809680e+00	-7.297930e-01
1.364000e+01	-3.620180e-01	2.725080e+00	-5.470500e-01
1.366000e+01	-2.794740e-01	2.533540e+00	-3.298700e-01
1.368000e+01	-3.292120e-01	2.320280e+00	-1.769640e-01
1.370000e+01	-5.301520e-01	2.083540e+00	-3.760550e-02
1.372000e+01	-6.133380e-01	1.860880e+00	7.427650e-02
1.374000e+01	-3.936780e-01	1.712210e+00	6.682350e-02
1.376000e+01	-5.067760e-02	1.640180e+00	1.900350e-02
1.378000e+01	2.826020e-01	1.591960e+00	5.351350e-02
1.380000e+01	6.280620e-01	1.558850e+00	1.461190e-01
1.382000e+01	9.162620e-01	1.544050e+00	2.203950e-01
1.384000e+01	1.149780e+00	1.518480e+00	2.070160e-01
1.386000e+01	1.392900e+00	1.480290e+00	1.577140e-01
1.388000e+01	1.637400e+00	1.467550e+00	-2.841390e-02
1.390000e+01	1.845980e+00	1.510640e+00	-2.124640e-01
1.392000e+01	1.937950e+00	1.663880e+00	-3.011360e-01
1.394000e+01	1.894510e+00	1.994380e+00	-3.275280e-01
1.396000e+01	1.820530e+00	2.483920e+00	-3.263030e-01
1.398000e+01	1.856280e+00	3.017620e+00	-4.204570e-01
1.400000e+01	1.925880e+00	3.331080e+00	-5.571010e-01
1.402000e+01	1.895950e+00	3.444120e+00	-5.706890e-01
1.404000e+01	1.701650e+00	3.412320e+00	-4.852350e-01
1.406000e+01	1.464830e+00	3.227750e+00	-4.632190e-01
1.408000e+01	1.194030e+00	2.987370e+00	-5.115890e-01
1.410000e+01	8.614140e-01	2.747090e+00	-4.639610e-01
1.412000e+01	4.786140e-01	2.423830e+00	-1.873610e-01
1.414000e+01	7.317450e-02	2.051010e+00	1.491390e-01
1.416000e+01	-3.316460e-01	1.857140e+00	2.380150e-01
1.418000e+01	-5.440460e-01	1.903910e+00	2.404350e-01
1.420000e+01	-5.364820e-01	1.985650e+00	3.025530e-01
1.422000e+01	-4.491280e-01	1.980310e+00	2.838410e-01
1.424000e+01	-3.817460e-01	1.655990e+00	1.943230e-01
1.426000e+01	-4.576320e-01	1.083970e+00	9.029670e-02
1.428000e+01	-5.209720e-01	6.255550e-01	7.587300e-04
1.430000e+01	-5.548140e-01	3.310950e-01	-1.082530e-01
1.432000e+01	-5.913580e-01	1.857670e-01	-2.001750e-01
1.434000e+01	-5.920000e-01	1.072210e-01	-3.264370e-01
1.436000e+01	-5.323670e-01	5.909260e-02	-4.491790e-01
1.438000e+01	-4.572020e-01	4.688780e-02	-4.366190e-01
1.440000e+01	-4.008090e-01	1.206980e-02	-2.616570e-01
1.442000e+01	-4.093350e-01	-9.201220e-02	-4.355690e-02
1.444000e+01	-5.758800e-01	-1.713400e-01	3.276510e-02
1.446000e+01	-8.240990e-01	-1.103800e-01	5.088950e-02
1.448000e+01	-9.958520e-01	-9.656760e-02	1.315520e-01
1.450000e+01	-1.054550e+00	-2.669900e-01	3.051120e-01
1.452000e+01	-1.085760e+00	-5.846700e-01	4.069480e-01
1.454000e+01	-1.162730e+00	-9.158700e-01	4.931540e-01
1.456000e+01	-1.312370e+00	-1.156490e+00	5.764780e-01
1.458000e+01	-1.469320e+00	-1.327380e+00	5.987240e-01
1.460000e+01	-1.531570e+00	-1.419450e+00	6.799460e-01
1.462000e+01	-1.413530e+00	-1.538910e+00	7.024310e-01
1.464000e+01	-1.184950e+00	-1.736550e+00	6.629400e-01
1.466000e+01	-9.623260e-01	-1.976990e+00	6.185640e-01
1.468000e+01	-7.883460e-01	-2.153470e+00	6.594600e-01
1.470000e+01	-7.176690e-01	-2.194680e+00	7.626340e-01
1.472000e+01	-7.726110e-01	-2.160960e+00	7.708900e-01
1.474000e+01	-8.477870e-01	-2.161780e+00	7.501880e-01
1.476000e+01	-8.152600e-01	-2.152520e+00	8.807780e-01
1.478000e+01	-6.083390e-01	-2.098370e+00	1.002280e+00
1.480000e+01	-3.482200e-01	-1.988450e+00	9.309120e-01
1.482000e+01	-2.346800e-01	-1.816370e+00	7.690020e-01
1.484000e+01	-2.117580e-01	-1.672440e+00	6.587620e-01
1.486000e+01	-1.303400e-01	-1.547350e+00	6.729400e-01
1.488000e+01	3.603050e-02	-1.452150e+00	6.710690e-01
1.490000e+01	2.313780e-01	-1.527440e+00	5.137210e-01
1.492000e+01	3.739540e-01	-1.759200e+00	3.301150e-01
1.494000e+01	4.270740e-01	-1.978720e+00	2.338030e-01
1.496000e+01	5.235200e-01	-2.012650e+00	1.822790e-01
1.498000e+01	6.711180e-01	-1.864860e+00	1.728810e-01
1.500000e+01	7.372060e-01	-1.810690e+00	1.325050e-01
1.502000e+01	7.497810e-01	-1.889200e+00	3.553030e-03
1.504000e+01	6.826650e-01	-2.027680e+00	-3.554500e-02
1.506000e+01	5.294350e-01	-2.153040e+00	5.079500e-02
1.508000e+01	3.887710e-01	-2.190250e+00	1.013750e-01
1.510000e+01	3.334590e-01	-2.146400e+00	-1.558900e-02
1.512000e+01	4.076470e-01	-1.987250e+00	-1.759430e-01
1.514000e+01	5.505170e-01	-1.710550e+00	-1.606690e-01
1.516000e+01	6.677110e-01	-1.402950e+00	-1.078860e-02
1.518000e+01	6.991530e-01	-1.087470e+00	6.458540e-02
1.520000e+01	6.782210e-01	-7.647280e-01	5.560720e-02
1.522000e+01	6.619120e-01	-5.128280e-01	1.282190e-01
1.524000e+01	6.491850e-01	-3.608000e-01	2.191230e-01
1.526000e+01	6.095430e-01	-2.427740e-01	2.579750e-01
1.528000e+01	4.225870e-01	-2.577410e-02	2.674290e-01
1.530000e+01	1.982270e-01	2.673860e-01	2.608930e-01
1.532000e+01	1.526150e-01	6.406460e-01	2.488540e-01
1.534000e+01	1.868130e-01	9.545660e-01	2.370340e-01
1.536000e+01	2.356590e-01	1.087750e+00	2.544120e-01
1.538000e+01	3.263710e-01	9.571200e-01	3.341700e-01
1.540000e+01	2.999510e-01	6.943800e-01	3.283350e-01
1.542000e+01	2.446130e-01	5.016720e-01	2.702670e-01
1.544000e+01	3.444090e-01	3.582940e-01	2.036550e-01
1.546000e+01	5.346210e-01	2.116940e-01	5.593080e-02
1.548000e+01	6.683390e-01	8.504590e-02	-5.288920e-02
1.550000e+01	6.916470e-01	-3.431810e-02	-7.999920e-02
1.552000e+01	7.556010e-01	-1.895640e-01	-6.242060e-02
1.554000e+01	8.184330e-01	-3.092680e-01	-3.013260e-02
1.556000e+01	7.814230e-01	-4.217680e-01	-1.791700e-02
1.558000e+01	8.347270e-01	-5.536220e-01	2.221700e-02
1.560000e+01	1.052270e+00	-6.743500e-01	2.102530e-02
1.562000e+01	1.365530e+00	-6.375200e-01	-1.634870e-02
1.564000e+01	1.724650e+00	-4.284600e-01	-1.177750e-02
1.566000e+01	2.116750e+00	-2.132800e-01	-1.320980e-02
1.568000e+01	2.532010e+00	-1.430880e-01	5.784220e-02
1.570000e+01	2.642370e+00	-2.630140e-01	2.456080e-01
1.572000e+01	2.377550e+00	-5.481340e-01	4.749480e-01
1.574000e+01	1.911970e+00	-7.271600e-01	6.638160e-01
1.576000e+01	1.463790e+00	-6.958760e-01	7.212040e-01
1.578000e+01	1.185970e+00	-5.145380e-01	6.764480e-01
1.580000e+01	1.008570e+00	-2.853580e-01	6.716160e-01
1.582000e+01	8.235630e-01	-1.749620e-01	6.756690e-01
1.584000e+01	5.793430e-01	-1.904850e-01	7.038370e-01
1.586000e+01	2.923430e-01	-2.349070e-01	8.213410e-01
1.588000e+01	-7.583660e-02	-2.575350e-01	9.484710e-01
1.590000e+01	-5.062770e-01	-2.957130e-01	1.053730e+00
1.592000e+01	-9.870570e-01	-3.293090e-01	1.171580e+00
1.594000e+01	-1.327240e+00	-2.973850e-01	1.309610e+00
1.596000e+01	-1.365240e+00	-2.190930e-01	1.419410e+00
1.598000e+01	-1.248190e+00	-1.263910e-01	1.482410e+00
1.600000e+01	-1.204000e+00	-1.050930e-01	1.479900e+00
1.602000e+01	-1.293030e+00	-1.751930e-01	1.522080e+00
1.604000e+01	-1.509670e+00	-2.323850e-01	1.561060e+00
1.606000e+01	-1.796650e+00	-2.584790e-01	1.435880e+00
1.608000e+01	-1.976160e+00	-3.053450e-01	1.174640e+00
1.610000e+01	-2.039160e+00	-3.562950e-01	9.060610e-01
1.612000e+01	-2.001960e+00	-3.182110e-01	6.997410e-01
1.614000e+01	-1.933420e+00	-1.557490e-01	5.399770e-01
1.616000e+01	-1.901260e+00	-1.559890e-02	4.420710e-01
1.618000e+01	-1.919510e+00	6.101110e-02	3.718030e-01
1.620000e+01	-1.957080e+00	1.755830e-01	3.461630e-01
1.622000e+01	-1.930610e+00	3.480510e-01	3.073570e-01
1.624000e+01	-1.844800e+00	5.225810e-01	2.436350e-01
1.626000e+01	-1.704480e+00	6.180830e-01	1.851770e-01
1.628000e+01	-1.467520e+00	6.585510e-01	1.434290e-01
1.630000e+01	-1.109720e+00	6.657570e-01	1.091450e-01
1.632000e+01	-7.622770e-01	6.174090e-01	1.186490e-01
1.634000e+01	-5.967370e-01	4.258910e-01	2.051610e-01
1.636000e+01	-5.468710e-01	1.686110e-01	3.782470e-01
1.638000e+01	-4.846170e-01	-1.676920e-03	5.179150e-01
1.640000e+01	-3.576650e-01	-2.707490e-02	5.059100e-01
1.642000e+01	-1.856450e-01	2.867710e-02	4.274640e-01
1.644000e+01	-6.225540e-02	7.958710e-02	3.887220e-01
1.646000e+01	1.548660e-02	1.566730e-01	3.472200e-01
1.648000e+01	1.102790e-01	3.221730e-01	1.948700e-01
1.650000e+01	2.694910e-01	5.419930e-01	4.896040e-03
1.652000e+01	4.932510e-01	6.921850e-01	-1.651660e-01
1.654000e+01	7.292110e-01	7.931250e-01	-2.935420e-01
1.656000e+01	8.736750e-01	9.701130e-01	-4.244000e-01
1.658000e+01	9.673850e-01	1.212710e+00	-4.939200e-01
1.660000e+01	1.084690e+00	1.378680e+00	-5.167100e-01
1.662000e+01	1.203060e+00	1.360930e+00	-5.015560e-01
1.664000e+01	1.229390e+00	1.244790e+00	-3.687280e-01
1.666000e+01	1.151310e+00	1.118750e+00	-1.645080e-01
1.668000e+01	9.648070e-01	1.080730e+00	5.913180e-02
1.670000e+01	7.228470e-01	1.142820e+00	1.915420e-01
1.672000e+01	5.172470e-01	1.165230e+00	2.993980e-01
1.674000e+01	3.439290e-01	1.104290e+00	4.914860e-01
1.676000e+01	2.113950e-01	9.942420e-01	6.823360e-01
1.678000e+01	3.943660e-02	8.971580e-01	7.204520e-01
1.680000e+01	-1.499130e-01	8.548480e-01	7.185220e-01
1.682000e+01	-3.092450e-01	7.862220e-01	8.325840e-01
1.684000e+01	-4.460430e-01	7.084080e-01	9.747860e-01
1.686000e+01	-6.325330e-01	6.654360e-01	1.010900e+00
1.688000e+01	-8.601730e-01	6.215440e-01	1.059270e+00
1.690000e+01	-1.050170e+00	5.497340e-01	1.180400e+00
1.692000e+01	-1.149710e+00	4.984160e-01	1.292520e+00
1.694000e+01	-1.186170e+00	5.080350e-01	1.365480e+00
1.696000e+01	-1.282040e+00	5.807730e-01	1.412910e+00
1.698000e+01	-1.408820e+00	7.621990e-01	1.470890e+00
1.700000e+01	-1.558290e+00	9.913190e-01	1.461460e+00
1.702000e+01	-1.563840e+00	1.197860e+00	1.388170e+00
1.704000e+01	-1.322240e+00	1.276500e+00	1.247450e+00
1.706000e+01	-1.027400e+00	1.200910e+00	1.038650e+00
1.708000e+01	-8.238360e-01	1.069020e+00	8.764080e-01
1.710000e+01	-7.422840e-01	9.962710e-01	7.385440e-01
1.712000e+01	-6.334760e-01	1.052380e+00	5.571520e-01
1.714000e+01	-4.719760e-01	1.158780e+00	4.601740e-01
1.716000e+01	-3.048120e-01	1.149130e+00	4.521910e-01
1.718000e+01	-1.771720e-01	1.007830e+00	4.680840e-01
1.720000e+01	-2.623620e-01	7.689510e-01	5.791960e-01
1.722000e+01	-5.638620e-01	5.384910e-01	7.554120e-01
1.724000e+01	-7.934020e-01	4.503850e-01	7.725520e-01
1.726000e+01	-8.517020e-01	5.332670e-01	5.348120e-01
1.728000e+01	-7.717780e-01	6.831910e-01	3.280920e-01
1.730000e+01	-5.529780e-01	7.429390e-01	3.240370e-01
1.732000e+01	-3.698480e-01	6.649830e-01	4.109590e-01
1.734000e+01	-3.141360e-01	5.062350e-01	4.347650e-01
1.736000e+01	-3.282680e-01	3.404430e-01	3.209450e-01
1.738000e+01	-3.347160e-01	2.265030e-01	2.052850e-01
1.740000e+01	-4.200520e-01	2.272740e-01	1.769590e-01
1.742000e+01	-5.394320e-01	2.193800e-01	1.500950e-01
1.744000e+01	-6.064200e-01	1.210100e-01	1.643570e-01
1.746000e+01	-7.052080e-01	-1.070900e-01	2.329750e-01
1.748000e+01	-8.170640e-01	-3.750100e-01	2.825010e-01
1.750000e+01	-9.463920e-01	-5.258160e-01	2.269830e-01
1.752000e+01	-1.014420e+00	-6.018360e-01	1.911770e-01
1.754000e+01	-9.829740e-01	-7.359900e-01	2.146090e-01
1.756000e+01	-9.510420e-01	-9.027260e-01	2.210530e-01
1.758000e+01	-1.052730e+00	-1.039840e+00	1.168890e-01
1.760000e+01	-1.262410e+00	-1.158090e+00	-1.531310e-02
1.762000e+01	-1.371490e+00	-1.266710e+00	-8.435300e-02
1.764000e+01	-1.389800e+00	-1.303050e+00	-2.097470e-01
1.766000e+01	-1.359110e+00	-1.196660e+00	-3.686630e-01
1.768000e+01	-1.316160e+00	-9.625220e-01	-5.266770e-01
1.770000e+01	-1.294090e+00	-7.133020e-01	-6.384610e-01
1.772000e+01	-1.216940e+00	-6.065080e-01	-7.573290e-01
1.774000e+01	-1.172880e+00	-6.160460e-01	-8.600070e-01
1.776000e+01	-1.154820e+00	-6.335100e-01	-9.208770e-01
1.778000e+01	-1.092120e+00	-6.210150e-01	-1.040640e+00
1.780000e+01	-1.009640e+00	-5.914910e-01	-1.227610e+00
1.782000e+01	-9.635640e-01	-5.497390e-01	-1.318320e+00
1.784000e+01	-9.719020e-01	-5.121690e-01	-1.323150e+00
1.786000e+01	-1.038580e+00	-4.237690e-01	-1.360600e+00
1.788000e+01	-1.181860e+00	-3.052690e-01	-1.425310e+00
1.790000e+01	-1.324430e+00	-2.630550e-01	-1.442930e+00
1.792000e+01	-1.333430e+00	-2.695530e-01	-1.450080e+00
1.794000e+01	-1.154680e+00	-2.896390e-01	-1.526210e+00
1.796000e+01	-8.622180e-01	-3.065840e-01	-1.652680e+00
1.798000e+01	-5.036180e-01	-3.339960e-01	-1.770190e+00
1.800000e+01	-1.683580e-01	-3.562260e-01	-1.836000e+00
1.802000e+01	1.413220e-01	-2.970660e-01	-1.875320e+00
1.804000e+01	4.484020e-01	-1.038420e-01	-1.902160e+00
1.806000e+01	7.460820e-01	1.224380e-01	-1.917330e+00
1.808000e+01	9.736820e-01	2.466020e-01	-1.875020e+00
1.810000e+01	1.044130e+00	2.374230e-01	-1.760490e+00
1.812000e+01	1.062900e+00	1.786110e-01	-1.666830e+00
1.814000e+01	1.085680e+00	2.356910e-01	-1.654220e+00
1.816000e+01	1.161410e+00	2.937330e-01	-1.638240e+00
1.818000e+01	1.264110e+00	2.309990e-01	-1.546120e+00
1.820000e+01	1.336520e+00	8.145070e-02	-1.369800e+00
1.822000e+01	1.360370e+00	-7.360130e-02	-1.233090e+00
1.824000e+01	1.379510e+00	-1.581910e-01	-1.156470e+00
1.826000e+01	1.436840e+00	-1.813830e-01	-1.122080e+00
1.828000e+01	1.521990e+00	-1.967100e-01	-1.106800e+00
1.830000e+01	1.583710e+00	-1.911630e-01	-1.013870e+00
1.832000e+01	1.609620e+00	-1.284210e-01	-8.830350e-01
1.834000e+01	1.689150e+00	-5.355110e-02	-7.750530e-01
1.836000e+01	1.847590e+00	2.554090e-02	-6.961270e-01
1.838000e+01	1.975950e+00	6.595090e-02	-5.927250e-01
1.840000e+01	1.965340e+00	5.786970e-02	-4.525590e-01
1.842000e+01	1.862780e+00	5.451110e-02	-3.606010e-01
1.844000e+01	1.768980e+00	8.033110e-02	-3.678240e-01
1.846000e+01	1.740440e+00	1.204390e-01	-4.260180e-01
1.848000e+01	1.702010e+00	1.293890e-01	-4.767680e-01
1.850000e+01	1.523860e+00	7.894090e-02	-4.305560e-01
1.852000e+01	1.270320e+00	-1.151110e-02	-3.399540e-01
1.854000e+01	1.064320e+00	-1.165930e-01	-2.997820e-01
1.856000e+01	9.398140e-01	-2.006830e-01	-3.197860e-01
1.858000e+01	8.684840e-01	-2.386630e-01	-3.418520e-01
1.860000e+01	7.724600e-01	-3.019790e-01	-2.795240e-01
1.862000e+01	6.015480e-01	-4.434030e-01	-1.780700e-01
1.864000e+01	2.994080e-01	-6.480830e-01	-1.131180e-01
1.866000e+01	-5.467200e-02	-8.487830e-01	-7.898390e-02
1.868000e+01	-3.200120e-01	-9.925710e-01	-5.081180e-02
1.870000e+01	-4.790400e-01	-1.119530e+00	-3.130470e-02
1.872000e+01	-5.969840e-01	-1.222550e+00	-1.265690e-02
1.874000e+01	-7.207700e-01	-1.290000e+00	3.689110e-02
1.876000e+01	-7.798980e-01	-1.350670e+00	6.888910e-02
1.878000e+01	-7.415860e-01	-1.397720e+00	9.624510e-02
1.880000e+01	-6.844220e-01	-1.373250e+00	1.210810e-01
1.882000e+01	-7.084080e-01	-1.298740e+00	1.508410e-01
1.884000e+01	-7.814240e-01	-1.189900e+00	1.850250e-01
1.886000e+01	-8.398720e-01	-1.042530e+00	1.992990e-01
1.888000e+01	-8.397660e-01	-8.694770e-01	1.757910e-01
1.890000e+01	-7.974340e-01	-7.158410e-01	1.110790e-01
1.892000e+01	-7.421140e-01	-5.824570e-01	6.061490e-02
1.894000e+01	-6.571140e-01	-4.834930e-01	4.137190e-02
1.896000e+01	-5.401740e-01	-4.426450e-01	4.739950e-03
1.898000e+01	-3.831700e-01	-4.142270e-01	-1.047160e-01
1.900000e+01	-2.761560e-01	-3.570910e-01	-1.914600e-01
1.902000e+01	-2.442080e-01	-2.724370e-01	-1.647720e-01
1.904000e+01	-2.911500e-01	-2.162610e-01	-9.165400e-02
1.906000e+01	-3.877840e-01	-1.799570e-01	1.937950e-03
1.908000e+01	-4.598620e-01	-1.613040e-01	1.123420e-01
1.910000e+01	-4.697020e-01	-1.864580e-01	2.198660e-01
1.912000e+01	-5.001340e-01	-2.403700e-01	3.566700e-01
1.914000e+01	-6.467200e-01	-2.471540e-01	4.626780e-01
1.916000e+01	-7.676510e-01	-1.719280e-01	4.847540e-01
1.918000e+01	-7.814770e-01	-2.979810e-02	4.992260e-01
1.920000e+01	-7.744890e-01	1.166740e-01	5.861640e-01
1.922000e+01	-8.166710e-01	1.991060e-01	7.166700e-01
1.924000e+01	-9.359210e-01	2.500780e-01	8.331900e-01
1.926000e+01	-9.965170e-01	3.090160e-01	8.538320e-01
1.928000e+01	-9.172470e-01	3.836820e-01	7.934660e-01
1.930000e+01	-7.680530e-01	4.741780e-01	6.830500e-01
1.932000e+01	-5.645530e-01	6.152860e-01	4.748100e-01
1.934000e+01	-3.169530e-01	8.107500e-01	2.475300e-01
1.936000e+01	-1.048730e-01	9.455360e-01	1.341720e-01
1.938000e+01	4.028150e-02	9.813200e-01	1.365270e-01
1.940000e+01	8.351150e-02	9.426780e-01	1.336010e-01
1.942000e+01	7.596850e-02	9.331530e-01	5.877130e-02
1.944000e+01	1.426700e-01	9.756410e-01	-2.228660e-03
1.946000e+01	3.185400e-01	1.012650e+00	-2.894670e-02
1.948000e+01	5.238600e-01	1.037520e+00	-9.294670e-02
1.950000e+01	5.871020e-01	1.064180e+00	-1.632890e-01
1.952000e+01	5.854430e-01	1.057180e+00	-1.688910e-01
1.954000e+01	5.722370e-01	9.527370e-01	-1.045890e-01
1.956000e+01	5.328930e-01	8.051270e-01	-4.472670e-02
1.958000e+01	5.461400e-01	7.409870e-01	-1.364070e-02
1.960000e+01	5.922690e-01	7.624810e-01	3.931930e-02
1.962000e+01	6.643330e-01	7.927810e-01	1.465750e-01
1.964000e+01	6.637920e-01	7.932230e-01	2.295770e-01
1.966000e+01	6.208240e-01	7.635650e-01	2.923670e-01
1.968000e+01	7.053340e-01	7.719710e-01	3.558390e-01
1.970000e+01	9.007340e-01	8.066130e-01	4.058050e-01
1.972000e+01	1.102370e+00	8.110980e-01	4.024000e-01
1.974000e+01	1.210980e+00	7.924680e-01	3.301520e-01
1.976000e+01	1.155010e+00	7.808420e-01	2.598860e-01
1.978000e+01	1.001330e+00	8.296140e-01	2.641660e-01
1.980000e+01	8.188560e-01	9.258760e-01	3.761940e-01
1.982000e+01	7.323380e-01	1.028140e+00	4.541840e-01
1.984000e+01	7.765820e-01	1.115540e+00	4.723980e-01
1.986000e+01	8.876080e-01	1.138660e+00	5.092640e-01
1.988000e+01	9.719780e-01	1.042520e+00	5.872960e-01
1.990000e+01	9.270480e-01	8.806260e-01	7.110980e-01
1.992000e+01	7.988660e-01	6.803060e-01	8.269580e-01
1.994000e+01	6.349400e-01	4.459260e-01	9.339940e-01
1.996000e+01	5.323120e-01	2.273260e-01	1.039270e+00
1.998000e+01	5.178180e-01	4.643390e-02	1.119610e+00
2.000000e+01	5.301010e-01	-2.174810e-02	1.137880e+00
2.002000e+01	5.812490e-01	-4.133910e-02	1.178000e+00
2.004000e+01	6.368990e-01	-9.455110e-02	1.327140e+00
2.006000e+01	6.481220e-01	-1.919090e-01	1.466390e+00
2.008000e+01	6.218620e-01	-2.574690e-01	1.531090e+00
2.010000e+01	4.801900e-01	-2.893870e-01	1.579860e+00
2.012000e+01	3.477820e-01	-3.448590e-01	1.619500e+00
2.014000e+01	3.018480e-01	-3.465390e-01	1.617010e+00
2.016000e+01	2.897350e-01	-2.843190e-01	1.555230e+00
2.018000e+01	2.916300e-01	-1.743690e-01	1.422240e+00
2.020000e+01	2.857210e-01	-6.778130e-02	1.249150e+00
2.022000e+01	3.215170e-01	-2.084730e-02	1.124240e+00
2.024000e+01	3.595350e-01	-5.600530e-02	1.021890e+00
2.026000e+01	3.569280e-01	-1.210210e-01	9.361610e-01
2.028000e+01	2.542600e-01	-1.944030e-01	8.941650e-01
2.030000e+01	1.047800e-01	-2.811150e-01	8.604750e-01
2.032000e+01	-6.716210e-03	-3.202570e-01	8.306690e-01
2.034000e+01	-1.248360e-01	-3.144510e-01	8.345040e-01
2.036000e+01	-1.861420e-01	-2.865510e-01	9.028000e-01
2.038000e+01	-1.792460e-01	-2.746400e-01	9.309340e-01
2.040000e+01	-2.139340e-01	-2.624090e-01	9.163230e-01
2.042000e+01	-2.838840e-01	-2.642260e-01	8.807390e-01
2.044000e+01	-3.960200e-01	-2.751490e-01	8.832600e-01
2.046000e+01	-5.582100e-01	-2.889330e-01	9.242260e-01
2.048000e+01	-7.391520e-01	-3.493470e-01	9.350750e-01
2.050000e+01	-9.560120e-01	-4.771810e-01	8.755210e-01
2.052000e+01	-1.102130e+00	-6.244290e-01	8.085850e-01
2.054000e+01	-1.147250e+00	-6.977910e-01	8.015270e-01
2.056000e+01	-1.083400e+00	-7.053720e-01	7.916280e-01
2.058000e+01	-9.634780e-01	-6.632220e-01	7.576760e-01
2.060000e+01	-8.454960e-01	-6.319980e-01	7.201420e-01
2.062000e+01	-6.579700e-01	-6.074580e-01	6.939560e-01
2.064000e+01	-4.279100e-01	-5.488160e-01	5.998500e-01
2.066000e+01	-1.987300e-01	-4.469880e-01	4.651400e-01
2.068000e+01	3.337040e-02	-3.854640e-01	3.601100e-01
2.070000e+01	2.205360e-01	-3.956440e-01	2.731520e-01
2.072000e+01	3.868700e-01	-3.619780e-01	1.650620e-01
2.074000e+01	5.409160e-01	-2.751580e-01	6.155630e-02
2.076000e+01	6.641440e-01	-1.708660e-01	-2.283670e-03
2.078000e+01	7.632960e-01	-9.187040e-02	-4.975370e-02
2.080000e+01	7.758360e-01	-5.716240e-02	-7.168570e-02
2.082000e+01	6.851900e-01	-6.826180e-02	-6.251790e-02
2.084000e+01	5.377300e-01	-1.506860e-01	-7.059880e-03
2.086000e+01	4.022560e-01	-2.340900e-01	1.051140e-01
2.088000e+01	2.974200e-01	-2.907780e-01	1.901920e-01
2.090000e+01	2.445560e-01	-3.222500e-01	2.211780e-01
2.092000e+01	2.092640e-01	-3.297670e-01	2.231080e-01
2.094000e+01	1.899810e-01	-3.399050e-01	2.478720e-01
2.096000e+01	1.840270e-01	-3.823830e-01	3.099820e-01
2.098000e+01	1.239790e-01	-4.363490e-01	3.125960e-01
2.100000e+01	7.057460e-02	-4.605550e-01	2.558740e-01
2.102000e+01	1.185530e-01	-4.662090e-01	1.859060e-01
2.104000e+01	2.631910e-01	-4.985190e-01	1.077340e-01
2.106000e+01	4.340050e-01	-5.607690e-01	3.376410e-02
2.108000e+01	5.907910e-01	-6.105710e-01	4.884080e-03
2.110000e+01	7.051530e-01	-6.531290e-01	-1.719190e-02
2.112000e+01	7.158500e-01	-6.824370e-01	-5.485590e-02
2.114000e+01	6.050120e-01	-6.548110e-01	-8.799590e-02
2.116000e+01	4.363180e-01	-5.791150e-01	-1.268580e-01
2.118000e+01	3.207760e-01	-4.967330e-01	-1.971180e-01
2.120000e+01	2.585260e-01	-4.277990e-01	-2.849680e-01
2.122000e+01	2.419440e-01	-3.481990e-01	-3.477820e-01
2.124000e+01	2.586840e-01	-2.542890e-01	-4.028300e-01
2.126000e+01	2.714210e-01	-1.912970e-01	-4.632800e-01
2.128000e+01	2.759130e-01	-2.064740e-01	-5.202680e-01
2.130000e+01	2.530490e-01	-2.840900e-01	-5.293050e-01
2.132000e+01	2.095110e-01	-3.600640e-01	-4.549090e-01
2.134000e+01	1.559270e-01	-4.115240e-01	-3.533350e-01
2.136000e+01	6.215660e-02	-4.092310e-01	-2.886610e-01
2.138000e+01	-6.553340e-02	-3.440790e-01	-2.310510e-01
2.140000e+01	-1.118550e-01	-2.424230e-01	-1.552290e-01
2.142000e+01	-4.924740e-02	-1.755670e-01	-9.287250e-02
2.144000e+01	8.236570e-03	-1.357890e-01	-7.656450e-02
2.146000e+01	6.337860e-02	-1.356740e-01	-7.160270e-02
2.148000e+01	1.315090e-01	-1.460460e-01	-1.191130e-01
2.150000e+01	2.119270e-01	-1.811920e-01	-1.918970e-01
2.152000e+01	2.647290e-01	-2.314480e-01	-2.296590e-01
2.154000e+01	2.420650e-01	-2.439210e-01	-2.897530e-01
2.156000e+01	2.528800e-01	-1.472470e-01	-3.754030e-01
2.158000e+01	3.130260e-01	3.069870e-02	-4.855470e-01
2.160000e+01	4.317880e-01	1.733650e-01	-6.080790e-01
2.162000e+01	5.706840e-01	2.753050e-01	-6.800370e-01
2.164000e+01	6.482220e-01	3.302170e-01	-6.817710e-01
2.166000e+01	6.486120e-01	3.757830e-01	-6.720370e-01
2.168000e+01	6.078580e-01	4.347770e-01	-7.128530e-01
2.170000e+01	5.489120e-01	5.338570e-01	-7.741610e-01
2.172000e+01	5.286500e-01	6.658770e-01	-7.945430e-01
2.174000e+01	5.125900e-01	7.712630e-01	-7.865870e-01
2.176000e+01	4.534040e-01	8.351430e-01	-7.222750e-01
2.178000e+01	3.634580e-01	8.689230e-01	-6.268430e-01
2.180000e+01	2.595440e-01	8.866340e-01	-5.533830e-01
2.182000e+01	1.777240e-01	9.286200e-01	-5.077190e-01
2.184000e+01	8.675820e-02	9.892180e-01	-4.523290e-01
2.186000e+01	-3.830980e-02	1.017080e+00	-3.711410e-01
2.188000e+01	-1.847100e-01	1.023220e+00	-2.920130e-01
2.190000e+01	-2.828620e-01	1.028870e+00	-2.246110e-01
2.192000e+01	-3.240180e-01	1.064170e+00	-1.583690e-01
2.194000e+01	-3.057570e-01	1.138400e+00	-1.125990e-01
2.196000e+01	-3.083880e-01	1.204640e+00	-9.980820e-02
2.198000e+01	-3.211060e-01	1.274570e+00	-1.260000e-01
2.200000e+01	-2.784300e-01	1.357390e+00	-2.101080e-01
2.202000e+01	-2.183620e-01	1.428410e+00	-2.687800e-01
2.204000e+01	-1.688400e-01	1.442470e+00	-2.701160e-01
2.206000e+01	-1.644060e-01	1.402290e+00	-2.376500e-01
2.208000e+01	-2.125240e-01	1.336950e+00	-2.411250e-01
2.210000e+01	-2.638040e-01	1.231800e+00	-2.945110e-01
2.212000e+01	-2.567290e-01	1.112630e+00	-3.113330e-01
2.214000e+01	-2.386660e-01	9.963040e-01	-2.781230e-01
2.216000e+01	-2.109980e-01	8.518420e-01	-2.483350e-01
2.218000e+01	-2.162890e-01	6.501020e-01	-1.976730e-01
2.220000e+01	-2.878010e-01	4.054820e-01	-9.777910e-02
2.222000e+01	-3.735430e-01	1.422420e-01	3.136920e-03
2.224000e+01	-5.138590e-01	-8.691830e-02	8.564290e-02
2.226000e+01	-6.345430e-01	-2.690640e-01	1.617850e-01
2.228000e+01	-6.564050e-01	-3.978160e-01	2.441510e-01
2.230000e+01	-6.557530e-01	-5.058140e-01	3.201950e-01
2.232000e+01	-6.715300e-01	-5.961420e-01	3.663210e-01
2.234000e+01	-7.123220e-01	-6.645740e-01	4.144490e-01
2.236000e+01	-7.561360e-01	-7.218800e-01	4.476690e-01
2.238000e+01	-7.763360e-01	-7.139060e-01	4.584550e-01
2.240000e+01	-7.509280e-01	-6.309240e-01	4.823690e-01
2.242000e+01	-6.990840e-01	-5.257480e-01	5.086650e-01
2.244000e+01	-6.494400e-01	-4.144680e-01	5.051640e-01
2.246000e+01	-6.074600e-01	-3.225980e-01	4.755480e-01
2.248000e+01	-5.392840e-01	-2.352100e-01	4.270200e-01
2.250000e+01	-4.279220e-01	-1.965320e-01	3.700280e-01
2.252000e+01	-3.172400e-01	-2.620380e-01	3.200000e-01
2.254000e+01	-2.519640e-01	-3.811760e-01	2.835620e-01
2.256000e+01	-1.969140e-01	-4.640120e-01	2.348160e-01
2.258000e+01	-1.848310e-01	-4.820070e-01	1.941560e-01
2.260000e+01	-2.117930e-01	-4.755680e-01	1.334640e-01
2.262000e+01	-2.332310e-01	-4.533780e-01	7.501430e-02
2.264000e+01	-2.464830e-01	-4.343280e-01	4.488230e-02
2.266000e+01	-2.602750e-01	-4.512200e-01	-9.063680e-03
2.268000e+01	-3.567770e-01	-5.505020e-01	-6.480970e-02
2.270000e+01	-5.128370e-01	-6.867880e-01	-1.119320e-01
2.272000e+01	-6.745410e-01	-7.992400e-01	-1.219290e-01
2.274000e+01	-7.865150e-01	-8.173730e-01	-1.295640e-01
2.276000e+01	-8.490190e-01	-7.411470e-01	-1.551300e-01
2.278000e+01	-8.491630e-01	-6.411650e-01	-1.691690e-01
2.280000e+01	-8.141250e-01	-5.720810e-01	-1.440230e-01
2.282000e+01	-8.005190e-01	-5.560290e-01	-1.240990e-01
2.284000e+01	-8.753470e-01	-5.321530e-01	-1.463010e-01
2.286000e+01	-1.010190e+00	-4.608680e-01	-1.587770e-01
2.288000e+01	-1.093010e+00	-3.787340e-01	-1.420740e-01
2.290000e+01	-1.127570e+00	-2.930560e-01	-1.358160e-01
2.292000e+01	-1.154370e+00	-1.915080e-01	-1.253160e-01
2.294000e+01	-1.180330e+00	-9.836350e-02	-1.271030e-01
2.296000e+01	-1.170660e+00	-4.226150e-02	-1.747170e-01
2.298000e+01	-1.129880e+00	-2.169520e-03	-2.442650e-01
2.300000e+01	-1.061400e+00	4.944850e-02	-3.336450e-01
2.302000e+01	-9.437250e-01	1.431340e-01	-4.270490e-01
2.304000e+01	-8.537690e-01	2.752240e-01	-4.773450e-01
2.306000e+01	-8.463640e-01	3.597260e-01	-4.663230e-01
2.308000e+01	-8.691780e-01	4.086060e-01	-4.304250e-01
2.310000e+01	-8.997360e-01	4.493620e-01	-3.876030e-01
2.312000e+01	-8.487240e-01	4.524150e-01	-3.734570e-01
2.314000e+01	-6.998900e-01	4.615520e-01	-3.897100e-01
2.316000e+01	-5.460520e-01	5.232420e-01	-3.933560e-01
2.318000e+01	-4.413240e-01	6.191940e-01	-4.228360e-01
2.320000e+01	-3.825640e-01	7.324780e-01	-4.578800e-01
2.322000e+01	-3.162600e-01	8.280120e-01	-4.531590e-01
2.324000e+01	-1.932600e-01	8.992720e-01	-4.304670e-01
2.326000e+01	-3.621790e-02	9.747140e-01	-4.030510e-01
2.328000e+01	7.459610e-02	1.017900e+00	-3.746750e-01
2.330000e+01	1.752240e-01	1.035990e+00	-3.496410e-01
2.332000e+01	2.096320e-01	1.052610e+00	-2.927270e-01
2.334000e+01	1.612880e-01	1.096660e+00	-2.017510e-01
2.336000e+01	9.231210e-02	1.107370e+00	-7.923700e-02
2.338000e+01	4.496810e-02	1.073080e+00	4.017700e-02
2.340000e+01	2.782370e-02	1.026420e+00	1.017750e-01
2.342000e+01	6.897710e-03	9.777860e-01	1.304930e-01
2.344000e+01	1.793130e-02	9.716840e-01	1.499650e-01
2.346000e+01	4.719730e-02	9.465500e-01	1.368360e-01
2.348000e+01	5.761150e-02	8.790320e-01	1.117400e-01
2.350000e+01	5.852010e-02	7.409700e-01	1.300510e-01
2.352000e+01	5.412570e-02	5.965640e-01	1.461410e-01
2.354000e+01	6.822310e-02	4.959860e-01	1.201450e-01
2.356000e+01	1.021130e-01	4.507220e-01	8.132060e-02
2.358000e+01	1.472110e-01	4.579120e-01	5.166060e-02
2.360000e+01	1.905490e-01	4.862360e-01	6.909000e-02
2.362000e+01	2.430930e-01	5.216460e-01	9.720600e-02
2.364000e+01	3.115870e-01	5.118290e-01	6.056200e-02
2.366000e+01	3.836850e-01	4.401330e-01	3.418400e-02
2.368000e+01	3.994080e-01	3.443230e-01	3.570310e-02
2.370000e+01	2.977980e-01	2.603410e-01	7.140300e-02
2.372000e+01	1.160580e-01	2.113810e-01	1.452070e-01
2.374000e+01	-6.738390e-02	2.256410e-01	2.188110e-01
2.376000e+01	-1.396960e-01	2.919750e-01	2.950550e-01
2.378000e+01	-1.382820e-01	3.726390e-01	3.853890e-01
2.380000e+01	-1.106520e-01	4.285690e-01	4.764430e-01
2.382000e+01	-1.160810e-01	4.396510e-01	5.561690e-01
2.384000e+01	-1.485070e-01	3.710450e-01	6.395190e-01
2.386000e+01	-1.366040e-01	2.380790e-01	7.326150e-01
2.388000e+01	-7.335030e-02	7.293540e-02	7.717570e-01
2.390000e+01	6.593170e-02	-6.651260e-02	7.467590e-01
2.392000e+01	2.623900e-01	-1.445230e-01	6.974650e-01
2.394000e+01	4.476420e-01	-1.649970e-01	6.583570e-01
2.396000e+01	5.699360e-01	-1.607540e-01	6.315150e-01
2.398000e+01	6.185660e-01	-1.271120e-01	6.132980e-01
2.400000e+01	6.226080e-01	-1.105200e-01	6.399880e-01
2.402000e+01	6.336750e-01	-1.724960e-01	6.637760e-01
2.404000e+01	6.326750e-01	-3.099580e-01	6.750970e-01
2.406000e+01	6.025570e-01	-4.589660e-01	6.422490e-01
2.408000e+01	6.190690e-01	-5.745340e-01	6.088410e-01
2.410000e+01	6.547920e-01	-6.584600e-01	5.767330e-01
2.412000e+01	7.128300e-01	-6.945560e-01	5.428630e-01
2.414000e+01	7.533980e-01	-6.976300e-01	5.218810e-01
2.416000e+01	7.617280e-01	-7.152330e-01	5.265540e-01
2.418000e+01	7.681560e-01	-7.115220e-01	5.403120e-01
2.420000e+01	7.866930e-01	-6.966220e-01	5.476450e-01
2.422000e+01	7.925820e-01	-6.767190e-01	5.447920e-01
2.424000e+01	7.816020e-01	-6.838710e-01	5.224860e-01
2.426000e+01	7.441260e-01	-7.360510e-01	5.176500e-01
2.428000e+01	6.851760e-01	-7.813050e-01	5.344260e-01
2.430000e+01	6.419760e-01	-8.576590e-01	5.632100e-01
2.432000e+01	5.928340e-01	-9.136390e-01	6.024400e-01
2.434000e+01	5.550800e-01	-9.527870e-01	6.493140e-01
2.436000e+01	4.755000e-01	-9.337190e-01	6.799760e-01
2.438000e+01	3.556160e-01	-8.743050e-01	6.715540e-01
2.440000e+01	2.083740e-01	-8.097670e-01	6.313520e-01
2.442000e+01	6.307390e-02	-7.595350e-01	6.086380e-01
2.444000e+01	-3.145410e-02	-7.722010e-01	6.234070e-01
2.446000e+01	-7.475010e-02	-8.234710e-01	6.407370e-01
2.448000e+01	-1.043560e-01	-8.916910e-01	6.487810e-01
2.450000e+01	-1.185930e-01	-9.389370e-01	6.284070e-01
2.452000e+01	-8.822050e-02	-9.564840e-01	5.634230e-01
2.454000e+01	-1.360050e-02	-9.268400e-01	5.107250e-01
2.456000e+01	8.209350e-02	-8.705400e-01	4.792610e-01
2.458000e+01	1.786890e-01	-8.130180e-01	4.443330e-01
2.460000e+01	2.631770e-01	-7.662600e-01	3.541890e-01
2.462000e+01	3.827890e-01	-7.450180e-01	2.764110e-01
2.464000e+01	5.198530e-01	-7.636190e-01	2.450810e-01
2.466000e+01	6.389250e-01	-7.777570e-01	2.096490e-01
2.468000e+01	7.140110e-01	-7.823880e-01	1.802390e-01
2.470000e+01	7.618210e-01	-7.972240e-01	1.458850e-01
2.472000e+01	8.108530e-01	-7.770980e-01	1.577770e-01
2.474000e+01	8.281260e-01	-7.310740e-01	1.844970e-01
2.476000e+01	8.372150e-01	-7.087640e-01	2.023110e-01
2.478000e+01	7.848670e-01	-6.914760e-01	2.153210e-01
2.480000e+01	6.960970e-01	-6.363840e-01	2.649730e-01
2.482000e+01	6.000430e-01	-5.602580e-01	3.095210e-01
2.484000e+01	4.578410e-01	-4.413440e-01	3.371170e-01
2.486000e+01	2.577810e-01	-3.400600e-01	4.090990e-01
2.488000e+01	3.406070e-02	-2.604480e-01	4.882850e-01
2.490000e+01	-1.606350e-01	-1.487740e-01	5.578430e-01
2.492000e+01	-3.003770e-01	-4.048230e-02	6.275590e-01
2.494000e+01	-3.763390e-01	2.142370e-02	6.965150e-01
2.496000e+01	-3.754520e-01	1.883010e-02	7.248650e-01
2.498000e+01	-3.659980e-01	-1.155990e-02	7.496510e-01
2.500000e+01	-3.873020e-01	-2.271770e-02	7.466980e-01
2.502000e+01	-3.945160e-01	3.188260e-03	7.006560e-01
2.504000e+01	-3.625460e-01	8.801230e-02	6.554940e-01
2.506000e+01	-3.072400e-01	1.461600e-01	6.251180e-01
2.508000e+01	-2.523540e-01	1.687680e-01	5.908580e-01
2.510000e+01	-2.157580e-01	1.631800e-01	5.614400e-01
2.512000e+01	-2.229880e-01	1.802060e-01	5.060440e-01
2.514000e+01	-2.513100e-01	2.383180e-01	4.109020e-01
2.516000e+01	-2.679050e-01	2.912100e-01	3.580440e-01
2.518000e+01	-2.370490e-01	2.966530e-01	3.044440e-01
2.520000e+01	-1.918230e-01	2.522070e-01	2.041940e-01
2.522000e+01	-1.765150e-01	2.349580e-01	1.107660e-01
2.524000e+01	-1.608460e-01	2.688400e-01	3.909010e-02
2.526000e+01	-9.694610e-02	3.428300e-01	-1.733990e-02
2.528000e+01	-5.421810e-02	4.162600e-01	-1.020280e-01
2.530000e+01	-2.662010e-02	4.731020e-01	-1.890400e-01
2.532000e+01	3.465990e-02	4.864580e-01	-2.476960e-01
2.534000e+01	1.048480e-01	4.977530e-01	-2.867020e-01
2.536000e+01	1.516620e-01	5.065690e-01	-2.955920e-01
2.538000e+01	1.595930e-01	5.338770e-01	-3.001400e-01
2.540000e+01	1.317030e-01	5.700510e-01	-3.257440e-01
2.542000e+01	5.716510e-02	6.137110e-01	-3.289960e-01
2.544000e+01	-6.542290e-02	6.759650e-01	-2.997900e-01
2.546000e+01	-2.233910e-01	7.482250e-01	-3.271400e-01
2.548000e+01	-3.562430e-01	8.650350e-01	-4.282180e-01
2.550000e+01	-4.788690e-01	9.980170e-01	-5.200940e-01
2.552000e+01	-5.607690e-01	1.039820e+00	-5.291820e-01
2.554000e+01	-6.501930e-01	1.012750e+00	-4.873180e-01
2.556000e+01	-7.751390e-01	9.895590e-01	-4.913840e-01
2.558000e+01	-8.522550e-01	9.549010e-01	-5.407020e-01
2.560000e+01	-8.343710e-01	9.115590e-01	-5.689300e-01
2.562000e+01	-7.908290e-01	8.340770e-01	-5.335200e-01
2.564000e+01	-7.785460e-01	7.412470e-01	-4.633720e-01
2.566000e+01	-7.988820e-01	6.853810e-01	-3.895620e-01
2.568000e+01	-8.338660e-01	6.606550e-01	-3.064500e-01
2.570000e+01	-8.154370e-01	6.189210e-01	-2.350060e-01
2.572000e+01	-7.480170e-01	5.632590e-01	-1.646660e-01
2.574000e+01	-6.766930e-01	5.265690e-01	-1.157820e-01
2.576000e+01	-6.142330e-01	5.348680e-01	-1.092060e-01
2.578000e+01	-5.204930e-01	5.545370e-01	-1.210240e-01
2.580000e+01	-4.038370e-01	5.569560e-01	-1.218780e-01
2.582000e+01	-3.234830e-01	5.590770e-01	-1.061440e-01
2.584000e+01	-3.162520e-01	5.275990e-01	-7.148040e-02
2.586000e+01	-3.576720e-01	4.802510e-01	-2.595240e-02
2.588000e+01	-4.003120e-01	4.507550e-01	-2.617580e-02
2.590000e+01	-3.529140e-01	4.771550e-01	-5.928180e-02
2.592000e+01	-2.716940e-01	5.413410e-01	-9.203180e-02
2.594000e+01	-2.068240e-01	5.530360e-01	-1.213020e-01
2.596000e+01	-1.355880e-01	5.181640e-01	-1.252190e-01
2.598000e+01	-9.108790e-02	4.758280e-01	-1.318610e-01
2.600000e+01	-3.019790e-02	4.343140e-01	-1.633810e-01
2.602000e+01	5.689010e-02	4.086900e-01	-2.171370e-01
2.604000e+01	1.733180e-01	4.116650e-01	-3.066790e-01
2.606000e+01	2.756780e-01	4.521250e-01	-3.751910e-01
2.608000e+01	3.309300e-01	5.065350e-01	-4.103450e-01
2.610000e+01	3.400350e-01	5.472990e-01	-4.489850e-01
2.612000e+01	3.759970e-01	5.741970e-01	-4.847050e-01
2.614000e+01	4.726370e-01	5.780010e-01	-5.183670e-01
2.616000e+01	5.693390e-01	5.494670e-01	-5.317200e-01
2.618000e+01	6.277390e-01	4.835310e-01	-5.285870e-01
2.620000e+01	6.009470e-01	4.181970e-01	-5.487110e-01
2.622000e+01	5.592870e-01	3.953890e-01	-5.617740e-01
2.624000e+01	5.671980e-01	3.992000e-01	-5.445210e-01
2.626000e+01	5.816140e-01	3.890240e-01	-5.281320e-01
2.628000e+01	6.285720e-01	3.703240e-01	-5.300990e-01
2.630000e+01	6.850780e-01	3.359560e-01	-5.123760e-01
2.632000e+01	7.357200e-01	3.102940e-01	-4.815080e-01
2.634000e+01	7.745160e-01	2.968020e-01	-4.329720e-01
2.636000e+01	7.741500e-01	2.558740e-01	-3.534820e-01
2.638000e+01	7.601960e-01	1.985180e-01	-2.763760e-01
2.640000e+01	7.534880e-01	1.380620e-01	-1.836240e-01
2.642000e+01	7.520440e-01	4.933020e-02	-9.475580e-02
2.644000e+01	7.606470e-01	-2.349180e-02	-3.657180e-02
2.646000e+01	7.906850e-01	-9.629180e-02	-2.499980e-02
2.648000e+01	7.981310e-01	-1.695320e-01	-3.682620e-02
2.650000e+01	7.431590e-01	-2.271000e-01	-2.075940e-02
2.652000e+01	6.415990e-01	-2.517660e-01	5.830620e-03
2.654000e+01	5.808850e-01	-2.070480e-01	3.065460e-02
2.656000e+01	5.255350e-01	-1.669700e-01	7.444860e-02
2.658000e+01	4.866170e-01	-1.906900e-01	1.283050e-01
2.660000e+01	3.957090e-01	-2.378640e-01	2.148170e-01
2.662000e+01	2.566510e-01	-2.343640e-01	3.121710e-01
2.664000e+01	9.540060e-02	-2.152530e-01	3.890690e-01
2.666000e+01	-4.741740e-02	-1.977420e-01	4.308810e-01
2.668000e+01	-1.287170e-01	-1.750860e-01	4.688470e-01
2.670000e+01	-1.735330e-01	-1.895500e-01	4.991050e-01
2.672000e+01	-1.607520e-01	-2.257460e-01	5.014210e-01
2.674000e+01	-1.256940e-01	-2.782500e-01	4.937670e-01
2.676000e+01	-1.098870e-01	-3.434020e-01	4.873290e-01
2.678000e+01	-1.555770e-01	-3.937420e-01	5.075630e-01
2.680000e+01	-2.842170e-01	-4.219680e-01	5.225710e-01
2.682000e+01	-4.395730e-01	-4.154700e-01	4.915070e-01
2.684000e+01	-5.082950e-01	-4.000850e-01	4.108070e-01
2.686000e+01	-4.918630e-01	-3.911020e-01	3.523550e-01
2.688000e+01	-4.224570e-01	-4.359300e-01	3.410480e-01
2.690000e+01	-4.024190e-01	-5.472980e-01	3.114060e-01
2.692000e+01	-4.379150e-01	-6.503400e-01	2.506800e-01
2.694000e+01	-4.836350e-01	-6.998880e-01	1.870080e-01
2.696000e+01	-4.500450e-01	-7.164730e-01	1.225900e-01
2.698000e+01	-4.019650e-01	-6.940330e-01	8.552380e-02
2.700000e+01	-4.033940e-01	-6.493170e-01	6.548380e-02
2.702000e+01	-4.445860e-01	-5.701170e-01	5.762720e-02
2.704000e+01	-4.676460e-01	-4.613570e-01	4.430240e-02
2.706000e+01	-4.678100e-01	-3.420290e-01	8.146440e-02
2.708000e+01	-4.876650e-01	-2.539370e-01	1.636080e-01
2.710000e+01	-5.097590e-01	-2.412500e-01	2.232540e-01
2.712000e+01	-5.588490e-01	-2.762700e-01	2.562200e-01
2.714000e+01	-6.238870e-01	-3.210560e-01	2.512770e-01
2.716000e+01	-7.024130e-01	-3.613980e-01	2.529730e-01
2.718000e+01	-7.716510e-01	-3.952940e-01	2.559040e-01
2.720000e+01	-8.951630e-01	-3.843800e-01	2.726590e-01
2.722000e+01	-1.016590e+00	-3.895940e-01	3.103640e-01
2.724000e+01	-1.102320e+00	-4.247240e-01	3.402970e-01
2.726000e+01	-1.124440e+00	-4.463660e-01	3.783110e-01
2.728000e+01	-1.098500e+00	-4.533560e-01	3.961880e-01
2.730000e+01	-1.056740e+00	-4.105540e-01	3.812780e-01
2.732000e+01	-1.007130e+00	-3.714320e-01	3.447900e-01
2.734000e+01	-9.553690e-01	-3.442540e-01	2.814200e-01
2.736000e+01	-9.061830e-01	-3.446920e-01	2.259080e-01
2.738000e+01	-8.765470e-01	-3.808700e-01	2.019300e-01
2.740000e+01	-8.282390e-01	-4.025380e-01	2.153110e-01
2.742000e+01	-7.854110e-01	-4.187000e-01	2.203210e-01
2.744000e+01	-7.475250e-01	-4.216130e-01	2.165410e-01
2.746000e+01	-7.077370e-01	-4.168580e-01	1.918810e-01
2.748000e+01	-6.456730e-01	-3.949900e-01	1.725790e-01
2.750000e+01	-5.517670e-01	-3.502460e-01	1.272550e-01
2.752000e+01	-4.467130e-01	-3.154260e-01	7.970550e-02
2.754000e+01	-3.382550e-01	-2.975960e-01	7.995890e-02
2.756000e+01	-2.944350e-01	-3.084610e-01	8.679070e-02
2.758000e+01	-3.130130e-01	-3.811430e-01	1.021820e-01
2.760000e+01	-3.275870e-01	-4.640090e-01	1.081020e-01
2.762000e+01	-3.140830e-01	-5.125330e-01	8.245610e-02
2.764000e+01	-2.678970e-01	-5.223900e-01	4.643810e-02
2.766000e+01	-2.246710e-01	-5.050890e-01	2.088010e-02
2.768000e+01	-1.907890e-01	-4.504230e-01	-5.583880e-03
2.770000e+01	-1.617690e-01	-3.828070e-01	-2.408930e-02
2.772000e+01	-1.331270e-01	-3.031410e-01	-3.389590e-02
2.774000e+01	-1.110870e-01	-2.201310e-01	-2.421630e-02
2.776000e+01	-7.998150e-02	-1.538690e-01	-2.757070e-02
2.778000e+01	-4.901350e-02	-9.977080e-02	-4.836270e-02
2.780000e+01	-1.015950e-02	-6.632480e-02	-6.451810e-02
2.782000e+01	1.350650e-02	-4.144080e-02	-4.469730e-02
2.784000e+01	2.212530e-02	-2.273980e-02	1.027870e-02
2.786000e+01	1.501570e-02	4.928170e-03	4.377670e-02
2.788000e+01	1.913450e-02	2.059140e-02	4.858950e-02
2.790000e+01	3.904470e-02	3.889800e-02	5.901910e-02
2.792000e+01	8.437270e-02	9.903200e-02	6.978250e-02
2.794000e+01	1.422510e-01	1.847840e-01	6.687090e-02
2.796000e+01	2.084950e-01	2.680580e-01	5.470690e-02
2.798000e+01	2.871690e-01	3.230360e-01	5.034090e-02
2.800000e+01	3.370270e-01	3.536620e-01	3.648250e-02
2.802000e+01	3.785210e-01	4.025020e-01	2.244520e-03
2.804000e+01	4.008650e-01	4.995140e-01	-7.685880e-03
2.806000e+01	4.547910e-01	5.985500e-01	-1.223970e-02
2.808000e+01	5.129610e-01	6.774160e-01	-1.731280e-03
2.810000e+01	5.512410e-01	7.470580e-01	2.550070e-02
2.812000e+01	5.890430e-01	7.741160e-01	5.316670e-02
2.814000e+01	6.169810e-01	7.992340e-01	9.087070e-02
2.816000e+01	5.958290e-01	8.194320e-01	1.169210e-01
2.818000e+01	5.457010e-01	8.218610e-01	1.511290e-01
2.820000e+01	4.579110e-01	8.262330e-01	1.780450e-01
2.822000e+01	3.715830e-01	8.203010e-01	2.064550e-01
2.824000e+01	3.129730e-01	7.670810e-01	2.327570e-01
2.826000e+01	2.537850e-01	6.854070e-01	2.619730e-01
2.828000e+01	2.048650e-01	5.993910e-01	2.776530e-01
2.830000e+01	1.715570e-01	5.495590e-01	2.786770e-01
2.832000e+01	1.571210e-01	5.103170e-01	2.645240e-01
2.834000e+01	1.768490e-01	4.455610e-01	2.504230e-01
2.836000e+01	2.357230e-01	3.699610e-01	2.683150e-01
2.838000e+01	3.163930e-01	2.954230e-01	2.963050e-01
2.840000e+01	3.775330e-01	2.168050e-01	3.283110e-01
2.842000e+01	4.473790e-01	1.343470e-01	3.245660e-01
2.844000e+01	5.007370e-01	6.844060e-02	2.893140e-01
2.846000e+01	5.364670e-01	5.338560e-03	2.509520e-01
2.848000e+01	5.643130e-01	-5.019740e-02	2.336750e-01
2.850000e+01	5.321650e-01	-8.565740e-02	2.111470e-01
2.852000e+01	5.031990e-01	-5.921740e-02	1.948140e-01
2.854000e+01	4.838220e-01	-1.590340e-02	1.886600e-01
2.856000e+01	4.807370e-01	2.637260e-02	1.904420e-01
2.858000e+01	4.353270e-01	6.761060e-02	2.197940e-01
2.860000e+01	3.647430e-01	7.404980e-02	2.202200e-01
2.862000e+01	3.132730e-01	5.387380e-02	1.913780e-01
2.864000e+01	2.641670e-01	3.518160e-02	1.678920e-01
2.866000e+01	1.982530e-01	1.487160e-02	1.729140e-01
2.868000e+01	1.233350e-01	-1.756440e-02	2.013220e-01
2.870000e+01	5.238050e-02	-4.765640e-02	2.338640e-01
2.872000e+01	-1.983350e-02	-3.510000e-02	2.810080e-01
2.874000e+01	-8.506150e-02	-1.645680e-02	3.435720e-01
2.876000e+01	-1.626330e-01	-2.776960e-02	4.228180e-01
2.878000e+01	-2.060430e-01	-4.496380e-02	4.771400e-01
2.880000e+01	-2.357710e-01	-6.697580e-02	5.289560e-01
2.882000e+01	-3.154950e-01	-7.898580e-02	5.838700e-01
2.884000e+01	-3.852350e-01	-6.063260e-02	6.236680e-01
2.886000e+01	-4.466910e-01	-2.490460e-02	6.556060e-01
2.888000e+01	-4.758230e-01	8.219360e-03	6.983360e-01
2.890000e+01	-4.875400e-01	4.381140e-02	7.405120e-01
2.892000e+01	-4.754420e-01	7.650940e-02	7.624720e-01
2.894000e+01	-4.369680e-01	1.207450e-01	7.593910e-01
2.896000e+01	-4.117480e-01	1.864870e-01	7.509860e-01
2.898000e+01	-3.967290e-01	2.417590e-01	7.386460e-01
2.900000e+01	-4.490250e-01	2.859430e-01	7.147700e-01
2.902000e+01	-4.977690e-01	2.896840e-01	6.852300e-01
2.904000e+01	-4.957620e-01	2.774050e-01	6.399760e-01
2.906000e+01	-4.383000e-01	2.704700e-01	5.854000e-01
2.908000e+01	-3.314380e-01	2.933480e-01	5.260760e-01
2.910000e+01	-2.328540e-01	3.127760e-01	4.717220e-01
2.912000e+01	-1.739440e-01	2.943040e-01	4.284660e-01
2.914000e+01	-1.610610e-01	3.027660e-01	3.856200e-01
2.916000e+01	-1.515320e-01	3.342300e-01	3.234360e-01
2.918000e+01	-1.199080e-01	3.628140e-01	2.787800e-01
2.920000e+01	-7.728230e-02	3.908500e-01	2.480540e-01
2.922000e+01	-6.224830e-02	4.110620e-01	2.262200e-01
2.924000e+01	-1.054620e-01	4.062580e-01	2.050700e-01
2.926000e+01	-1.524900e-01	4.026480e-01	1.783080e-01
2.928000e+01	-1.959060e-01	3.965730e-01	1.563180e-01
2.930000e+01	-2.189960e-01	4.014100e-01	1.107960e-01
2.932000e+01	-2.230620e-01	4.309780e-01	4.728190e-02
2.934000e+01	-2.326620e-01	4.409600e-01	3.443860e-03
2.936000e+01	-2.429080e-01	3.978400e-01	-5.275610e-02
2.938000e+01	-2.331990e-01	3.381280e-01	-9.033810e-02
2.940000e+01	-2.346210e-01	2.627820e-01	-1.045780e-01
2.942000e+01	-2.309960e-01	1.951460e-01	-1.154480e-01
2.944000e+01	-2.174110e-01	1.319080e-01	-1.173500e-01
2.946000e+01	-2.217440e-01	5.769820e-02	-1.085790e-01
2.948000e+01	-2.141330e-01	6.182170e-03	-8.855320e-02
2.950000e+01	-2.114920e-01	-4.056980e-02	-8.178100e-02
2.952000e+01	-2.119900e-01	-8.480580e-02	-6.699760e-02
2.954000e+01	-2.088090e-01	-1.078600e-01	-2.264360e-02
2.956000e+01	-1.964890e-01	-1.256880e-01	-6.144040e-03
2.958000e+01	-1.371870e-01	-1.416390e-01	-2.292820e-02
2.960000e+01	-4.069870e-02	-1.541640e-01	-4.082320e-02
2.962000e+01	5.937920e-02	-1.588680e-01	-8.357520e-02
2.964000e+01	1.377150e-01	-1.595340e-01	-1.278030e-01
2.966000e+01	1.812630e-01	-1.212800e-01	-1.650950e-01
2.968000e+01	2.190430e-01	-5.104760e-02	-2.052790e-01
2.970000e+01	2.419970e-01	-3.421650e-03	-2.218530e-01
2.972000e+01	2.609750e-01	5.239550e-03	-2.198670e-01
2.974000e+01	2.611740e-01	-3.503850e-03	-2.330730e-01
2.976000e+01	2.593720e-01	-2.971380e-02	-2.402610e-01
2.978000e+01	2.591290e-01	-5.210390e-02	-2.388730e-01
2.980000e+01	2.668470e-01	-2.924990e-02	-2.270450e-01
2.982000e+01	2.986810e-01	2.704410e-02	-2.099750e-01
2.984000e+01	3.291730e-01	1.015260e-01	-1.915790e-01
2.986000e+01	3.616010e-01	1.654560e-01	-1.716510e-01
2.988000e+01	3.807610e-01	1.990800e-01	-1.455070e-01
2.990000e+01	3.830780e-01	1.908360e-01	-1.210890e-01
2.992000e+01	3.847080e-01	1.799380e-01	-1.059720e-01
2.994000e+01	3.750230e-01	1.850720e-01	-8.923990e-02
2.996000e+01	3.674240e-01	2.078100e-01	-8.408010e-02
2.998000e+01	3.631450e-01	2.250510e-01	-9.072390e-02
3.000000e+01	3.396190e-01	2.468910e-01	-9.076120e-02
3.002000e+01	3.240270e-01	2.623460e-01	-7.745980e-02
3.004000e+01	3.009850e-01	2.658650e-01	-6.512780e-02
3.006000e+01	2.530230e-01	2.509400e-01	-6.899960e-02
3.008000e+01	1.970790e-01	2.292400e-01	-5.683280e-02
3.010000e+01	1.507370e-01	1.946260e-01	-4.526540e-02
3.012000e+01	1.304950e-01	1.457200e-01	-4.054700e-02
3.014000e+01	1.251510e-01	1.070340e-01	-6.228100e-02
3.016000e+01	1.509210e-01	5.996210e-02	-9.020300e-02
3.018000e+01	2.037450e-01	9.044140e-03	-1.119230e-01
3.020000e+01	2.411710e-01	-4.880790e-02	-1.161210e-01
3.022000e+01	2.582290e-01	-9.632990e-02	-1.103750e-01
3.024000e+01	2.585720e-01	-1.335720e-01	-1.024230e-01
3.026000e+01	2.560340e-01	-1.512240e-01	-9.930740e-02
3.028000e+01	2.511930e-01	-1.578760e-01	-1.016340e-01
3.030000e+01	2.288450e-01	-1.518060e-01	-8.974760e-02
3.032000e+01	1.923770e-01	-1.300440e-01	-7.166680e-02
3.034000e+01	1.461650e-01	-1.133030e-01	-4.372480e-02
3.036000e+01	1.098050e-01	-9.336770e-02	-1.410080e-02
3.038000e+01	8.099670e-02	-7.721050e-02	-3.671610e-03
3.040000e+01	7.680250e-02	-7.733610e-02	-5.251230e-03
3.042000e+01	7.351530e-02	-7.949450e-02	-6.611510e-03
3.044000e+01	6.644790e-02	-7.764100e-02	-1.354790e-02
3.046000e+01	6.394010e-02	-7.121880e-02	-5.987310e-03
3.048000e+01	6.087990e-02	-7.185300e-02	-8.238710e-03
3.050000e+01	5.034050e-02	-8.267380e-02	-5.381510e-03
3.052000e+01	3.669650e-02	-9.267040e-02	-3.084710e-03
3.054000e+01	4.789270e-02	-9.600400e-02	1.020860e-04
3.056000e+01	5.623110e-02	-9.714520e-02	1.824870e-03
3.058000e+01	5.912370e-02	-9.579960e-02	1.479810e-02
3.060000e+01	5.443590e-02	-9.334680e-02	2.514530e-02
3.062000e+01	5.243800e-02	-7.843880e-02	1.820570e-02
3.064000e+01	5.570820e-02	-6.083800e-02	1.501850e-02
3.066000e+01	5.465180e-02	-4.382100e-02	1.567880e-02
3.068000e+01	5.017580e-02	-2.631800e-02	3.390620e-02
3.070000e+01	3.328560e-02	-1.911940e-02	5.727020e-02
3.072000e+01	1.213160e-02	-5.523600e-03	7.644460e-02
3.074000e+01	-7.604040e-04	3.332390e-03	9.430720e-02
3.076000e+01	-1.001520e-03	1.337880e-02	1.141120e-01
3.078000e+01	-2.795680e-03	2.372060e-02	1.264920e-01
3.080000e+01	-1.138730e-02	2.556750e-02	1.393430e-01
3.082000e+01	-1.981070e-02	2.268370e-02	1.552530e-01
3.084000e+01	-2.365490e-02	1.099150e-02	1.691940e-01
3.086000e+01	-2.666270e-02	-1.964860e-03	1.759590e-01
3.088000e+01	-3.534750e-02	-9.422660e-03	1.788570e-01
3.090000e+01	-4.292090e-02	-8.784800e-03	1.806860e-01
3.092000e+01	-5.018910e-02	-7.409180e-03	1.763500e-01
3.094000e+01	-5.269910e-02	-3.408380e-03	1.738280e-01
3.096000e+01	-4.947070e-02	1.912020e-03	1.623350e-01
3.098000e+01	-3.538190e-02	1.079140e-02	1.458960e-01
3.100000e+01	-1.659550e-02	1.672600e-02	1.311430e-01
3.102000e+01	4.576520e-03	1.881940e-02	1.168140e-01
3.104000e+01	2.442950e-02	1.828860e-02	1.086250e-01
3.106000e+01	3.498210e-02	6.860820e-03	1.038270e-01
3.108000e+01	4.260870e-02	-1.109980e-02	1.037230e-01
3.110000e+01	4.292780e-02	-3.019000e-02	1.016110e-01
3.112000e+01	4.490680e-02	-4.103140e-02	9.547460e-02
3.114000e+01	4.444040e-02	-4.528240e-02	9.187580e-02
3.116000e+01	4.351900e-02	-4.491250e-02	8.716960e-02
3.118000e+01	4.498290e-02	-3.970830e-02	8.115580e-02
3.120000e+01	4.280690e-02	-3.460970e-02	7.691000e-02
3.122000e+01	3.959950e-02	-3.209090e-02	7.334620e-02
3.124000e+01	3.324930e-02	-2.834850e-02	7.040300e-02
3.126000e+01	2.579490e-02	-2.197310e-02	7.084530e-02
3.128000e+01	1.541750e-02	-1.602810e-02	7.214710e-02
3.130000e+01	5.678250e-03	-9.128480e-03	7.392290e-02
3.132000e+01	-8.977450e-04	-1.816680e-03	7.811250e-02
3.134000e+01	-5.380950e-03	3.411120e-03	8.137070e-02
3.136000e+01	-8.439950e-03	6.740520e-03	8.580150e-02
3.138000e+01	-1.107730e-02	1.015030e-02	8.982470e-02
3.140000e+01	-1.573550e-02	1.589130e-02	9.466590e-02
3.142000e+01	-2.049450e-02	2.120570e-02	9.884730e-02
3.144000e+01	-2.390330e-02	2.722910e-02	1.032450e-01
3.146000e+01	-2.626730e-02	3.069770e-02	1.069370e-01
3.148000e+01	-2.799700e-02	3.238580e-02	1.105530e-01
3.150000e+01	-3.087460e-02	3.329430e-02	1.143610e-01
3.152000e+01	-3.290320e-02	3.403250e-02	1.170970e-01
3.154000e+01	-3.470780e-02	3.615190e-02	1.189980e-01
3.156000e+01	-3.666250e-02	3.822450e-02	1.212620e-01
3.158000e+01	-3.831940e-02	4.007550e-02	1.240010e-01
3.160000e+01	-4.019060e-02	4.037370e-02	1.261420e-01
3.162000e+01	-4.182230e-02	4.127490e-02	1.279380e-01
3.164000e+01	-4.393410e-02	4.186620e-02	1.283670e-01
3.166000e+01	-4.552120e-02	4.210610e-02	1.281830e-01
3.168000e+01	-4.657700e-02	4.203250e-02	1.274360e-01
3.170000e+01	-4.706700e-02	4.178900e-02	1.264670e-01
3.172000e+01	-4.649280e-02	4.179530e-02	1.254900e-01
3.174000e+01	-4.519640e-02	4.176130e-02	1.243110e-01
3.176000e+01	-4.351120e-02	4.171760e-02	1.230200e-01
3.178000e+01	-4.206780e-02	4.165790e-02	1.215570e-01
3.180000e+01	-4.037080e-02	4.178110e-02	1.199430e-01
3.182000e+01	-3.816280e-02	4.201940e-02	1.181220e-01
3.184000e+01	-3.557280e-02	4.213960e-02	1.160640e-01
3.186000e+01	-3.271400e-02	4.212080e-02	1.139630e-01
3.188000e+01	-2.974520e-02	4.192480e-02	1.118440e-01
3.190000e+01	-2.671220e-02	4.154710e-02	1.097180e-01
3.192000e+01	-2.363000e-02	4.111230e-02	1.075250e-01
3.194000e+01	-2.046580e-02	4.072790e-02	1.052740e-01
3.196000e+01	-1.720340e-02	4.046360e-02	1.030090e-01
3.198000e+01	-1.384900e-02	4.034180e-02	1.007670e-01
