# Strong motion recording for 1994 Northridge EQ
# Author: Rob Graves
# Date: Wed Mar 03 15:29:43 PST 2010
# 
# Station: rnpv
#    longitude: -118.39570
#    latitude: 33.74560
#    closest distance to fault (km): 51.55
#    Vs30 (m/s): 478
#    low freq. corner (Hz): 0.300
#    high freq. corner (Hz): 23.0
#    station operator/owner: CSMIP
#    data source: peer.berkeley.edu/nga
# 
# Data fields are TAB-separated
# 
# Column 1: Time (s)
# Column 2: North-south acceleration (cm/s/s) (+ is northward)
# Column 3: East-west acceleration (cm/s/s) (+ is eastward)
# Column 4: Up-down acceleration (cm/s/s) (+ is upward)
#
0.000000e+00	-5.467800e-02	-8.586200e-03	-2.878200e-04
2.000000e-02	-6.094720e-02	-8.620220e-02	-5.245000e-04
4.000000e-02	-4.958640e-02	-1.846580e-01	-7.978400e-04
6.000000e-02	-2.968140e-02	-2.270060e-01	-1.284340e-03
8.000000e-02	-1.732180e-02	-2.048400e-01	-1.806200e-03
1.000000e-01	-5.559380e-02	-1.957500e-01	-2.217780e-03
1.200000e-01	-6.501000e-02	-2.203080e-01	-2.190120e-03
1.400000e-01	-5.219320e-02	-2.320640e-01	-1.425840e-03
1.600000e-01	-2.488920e-02	-2.505710e-01	-8.984020e-04
1.800000e-01	-1.851800e-02	-2.236170e-01	-6.267420e-04
2.000000e-01	-8.671400e-02	-1.428950e-01	-7.360700e-04
2.200000e-01	-1.652980e-01	-8.423260e-02	-3.962700e-04
2.400000e-01	-1.784620e-01	-8.021120e-02	-9.270700e-04
2.600000e-01	-1.583060e-01	-1.146210e-01	-4.513670e-03
2.800000e-01	-1.256840e-01	-1.616850e-01	-9.943470e-03
3.000000e-01	-1.040300e-01	-2.061530e-01	-1.549470e-02
3.200000e-01	-1.047110e-01	-2.447050e-01	-1.822070e-02
3.400000e-01	-2.406050e-02	-2.522840e-01	-2.170770e-02
3.600000e-01	1.638350e-02	-2.870060e-01	-2.730210e-02
3.800000e-01	-6.291400e-04	-3.547540e-01	-3.074970e-02
4.000000e-01	-5.944910e-02	-3.987140e-01	-2.487430e-02
4.200000e-01	-1.399830e-01	-3.750780e-01	-1.083350e-02
4.400000e-01	-1.721890e-01	-3.144660e-01	1.373530e-03
4.600000e-01	-1.707150e-01	-2.435740e-01	3.712530e-03
4.800000e-01	-1.421250e-01	-2.471530e-01	1.512130e-03
5.000000e-01	-1.453950e-01	-2.683690e-01	1.613870e-03
5.200000e-01	-9.201060e-02	-2.459650e-01	-5.309530e-03
5.400000e-01	1.640740e-02	-1.967710e-01	-1.619170e-02
5.600000e-01	9.146340e-02	-1.747990e-01	-2.898050e-02
5.800000e-01	7.816420e-02	-1.820910e-01	-3.693410e-02
6.000000e-01	7.336900e-02	-1.386970e-01	-3.922850e-02
6.200000e-01	1.078170e-01	-8.980500e-02	-3.929930e-02
6.400000e-01	1.451270e-01	-8.948950e-02	-4.487530e-02
6.600000e-01	1.851370e-01	-1.666080e-01	-5.901370e-02
6.800000e-01	1.784980e-01	-2.209380e-01	-5.406190e-02
7.000000e-01	1.260500e-01	-2.407130e-01	-2.959590e-02
7.200000e-01	1.096820e-01	-2.383600e-01	3.005250e-05
7.400000e-01	1.424840e-01	-1.808380e-01	1.905410e-02
7.600000e-01	1.066840e-01	-9.060190e-02	3.042910e-02
7.800000e-01	7.382000e-03	-3.593920e-03	5.619310e-02
8.000000e-01	-4.569200e-02	6.071610e-02	8.123110e-02
8.200000e-01	-2.037800e-02	1.061080e-01	7.949330e-02
8.400000e-01	3.589400e-02	5.365410e-02	5.193530e-02
8.600000e-01	6.503000e-02	-8.195790e-02	1.184530e-02
8.800000e-01	7.587260e-02	-2.493360e-01	-3.317670e-02
9.000000e-01	1.165930e-01	-3.645060e-01	-7.983270e-02
9.200000e-01	2.186910e-01	-4.062180e-01	-1.283570e-01
9.400000e-01	2.516250e-01	-3.671840e-01	-1.615830e-01
9.600000e-01	1.996870e-01	-3.317380e-01	-1.702090e-01
9.800000e-01	1.367210e-01	-2.917740e-01	-1.609970e-01
1.000000e-00	5.312060e-02	-2.173140e-01	-1.429030e-01
1.020000e+00	7.030120e-02	-1.479420e-01	-1.246060e-01
1.040000e+00	1.156190e-01	-6.544790e-02	-9.885590e-02
1.060000e+00	1.105250e-01	-5.416250e-02	-6.571390e-02
1.080000e+00	1.164370e-01	-4.194190e-02	-3.786190e-02
1.100000e+00	1.196460e-01	-1.475790e-02	-1.275790e-02
1.120000e+00	4.520640e-02	5.440810e-02	1.139810e-02
1.140000e+00	-7.926560e-02	8.258410e-02	4.472410e-02
1.160000e+00	-1.973140e-01	5.790210e-02	8.952810e-02
1.180000e+00	-2.604300e-01	4.652230e-02	1.249900e-01
1.200000e+00	-2.538830e-01	4.190170e-02	1.553240e-01
1.220000e+00	-2.316870e-01	2.306750e-02	1.629030e-01
1.240000e+00	-2.295640e-01	-5.444850e-02	1.445820e-01
1.260000e+00	-2.017460e-01	-1.136190e-01	7.970650e-02
1.280000e+00	-9.362020e-02	-1.063120e-01	-3.403950e-02
1.300000e+00	5.519180e-02	-6.669030e-02	-1.463760e-01
1.320000e+00	1.947980e-01	-5.971370e-02	-2.258640e-01
1.340000e+00	2.754460e-01	-7.399530e-02	-2.382620e-01
1.360000e+00	2.656580e-01	-5.688210e-02	-1.933060e-01
1.380000e+00	2.218080e-01	-6.402870e-02	-1.630700e-01
1.400000e+00	1.930860e-01	-7.326150e-02	-1.448510e-01
1.420000e+00	1.425300e-01	-8.500070e-02	-4.055270e-02
1.440000e+00	9.379360e-02	-7.234950e-02	8.300930e-02
1.460000e+00	1.176020e-01	-5.113750e-02	1.239770e-01
1.480000e+00	1.517360e-01	-7.269750e-02	8.273530e-02
1.500000e+00	1.337770e-01	-9.128010e-02	4.481270e-03
1.520000e+00	9.346300e-02	-5.259210e-02	-2.739470e-02
1.540000e+00	-5.347000e-03	8.223190e-02	8.441270e-03
1.560000e+00	-5.857100e-02	1.790080e-01	6.765130e-02
1.580000e+00	-6.944860e-02	1.567060e-01	5.786810e-02
1.600000e+00	-1.503910e-01	6.733790e-02	-1.863190e-02
1.620000e+00	-2.554490e-01	-1.919410e-02	-7.305190e-02
1.640000e+00	-2.819190e-01	-7.547210e-02	-4.516190e-02
1.660000e+00	-2.678840e-01	-7.469890e-02	2.779410e-02
1.680000e+00	-1.931520e-01	-5.842030e-02	3.215450e-02
1.700000e+00	-5.978380e-02	-6.205850e-02	-2.462950e-02
1.720000e+00	-8.395380e-02	-2.802500e-03	-1.815290e-02
1.740000e+00	-1.915960e-01	9.155150e-02	4.976110e-02
1.760000e+00	-2.859920e-01	2.439970e-01	1.508330e-01
1.780000e+00	-3.646980e-01	4.425480e-01	2.262850e-01
1.800000e+00	-3.905340e-01	5.315470e-01	2.172920e-01
1.820000e+00	-3.451460e-01	4.748510e-01	1.880900e-01
1.840000e+00	-2.175480e-01	3.701010e-01	1.377280e-01
1.860000e+00	-5.676780e-02	2.634250e-01	7.674210e-02
1.880000e+00	2.914620e-02	9.660950e-02	6.889690e-02
1.900000e+00	-4.990380e-02	-8.134050e-02	9.319290e-02
1.920000e+00	-1.081620e-01	-1.647770e-01	4.028890e-02
1.940000e+00	-6.485780e-02	-1.062670e-01	-2.380910e-02
1.960000e+00	-2.149380e-02	-5.374450e-02	5.558090e-02
1.980000e+00	-9.310030e-03	-3.160450e-02	2.296110e-01
2.000000e+00	5.994970e-03	1.320550e-02	3.379910e-01
2.020000e+00	1.187380e-02	1.920690e-02	3.272070e-01
2.040000e+00	-1.334820e-02	1.677890e-02	2.646830e-01
2.060000e+00	-5.057820e-02	2.739510e-02	2.128110e-01
2.080000e+00	-9.675420e-02	1.028870e-01	2.167160e-01
2.100000e+00	-7.809060e-02	2.222430e-01	1.915080e-01
2.120000e+00	-3.672630e-03	3.193810e-01	5.017210e-02
2.140000e+00	-7.436460e-02	3.453530e-01	-1.166660e-01
2.160000e+00	-2.547670e-01	3.214890e-01	-1.323610e-01
2.180000e+00	-3.430330e-01	3.771910e-01	-2.843510e-02
2.200000e+00	-3.495090e-01	4.834810e-01	8.958490e-02
2.220000e+00	-3.243050e-01	4.880650e-01	1.605890e-01
2.240000e+00	-2.738670e-01	3.723690e-01	1.341710e-01
2.260000e+00	-1.932690e-01	2.328550e-01	-8.731350e-04
2.280000e+00	-1.126730e-01	1.251150e-01	-1.562430e-01
2.300000e+00	-9.629600e-02	1.196950e-01	-1.039510e-01
2.320000e+00	-1.203860e-01	2.252210e-01	2.109890e-02
2.340000e+00	-1.127760e-01	3.211390e-01	9.785690e-02
2.360000e+00	-1.462120e-01	3.143490e-01	1.991510e-01
2.380000e+00	-1.527730e-01	3.108580e-01	2.471370e-01
2.400000e+00	-9.303340e-02	3.265550e-01	1.750870e-01
2.420000e+00	-1.093940e-02	2.826110e-01	1.350890e-02
2.440000e+00	3.381060e-02	2.458090e-01	-6.093310e-02
2.460000e+00	2.306580e-02	2.398810e-01	-1.598790e-01
2.480000e+00	4.984380e-02	2.889030e-01	-2.994810e-01
2.500000e+00	3.361500e-02	4.067850e-01	-2.509210e-01
2.520000e+00	-2.125900e-02	5.002910e-01	-7.608310e-02
2.540000e+00	-7.667500e-02	5.150040e-01	1.007030e-01
2.560000e+00	-1.163610e-01	4.642540e-01	1.368770e-01
2.580000e+00	-1.636130e-01	3.992700e-01	7.443690e-02
2.600000e+00	-2.104450e-01	3.602000e-01	7.976430e-02
2.620000e+00	-2.383850e-01	2.482420e-01	1.817420e-01
2.640000e+00	-1.842150e-01	1.317360e-01	1.682360e-01
2.660000e+00	-2.127900e-02	9.021450e-02	4.526190e-02
2.680000e+00	3.931500e-02	9.009490e-02	-7.487410e-02
2.700000e+00	-7.143900e-02	2.211090e-02	-8.536410e-02
2.720000e+00	-1.947610e-01	1.155770e-02	1.491860e-03
2.740000e+00	-1.688310e-01	1.309820e-01	-5.664610e-02
2.760000e+00	-4.015900e-02	1.941900e-01	-1.763060e-01
2.780000e+00	4.560700e-02	2.003590e-01	-2.323680e-01
2.800000e+00	5.864740e-02	1.703230e-01	-2.721620e-01
2.820000e+00	1.333850e-01	1.519300e-01	-3.891740e-01
2.840000e+00	2.430250e-01	1.600710e-01	-5.013820e-01
2.860000e+00	2.639090e-01	1.886210e-01	-5.478480e-01
2.880000e+00	1.901530e-01	2.418650e-01	-5.169740e-01
2.900000e+00	1.516790e-01	2.097530e-01	-4.810140e-01
2.920000e+00	1.983970e-01	1.721130e-01	-3.617760e-01
2.940000e+00	2.303270e-01	2.062350e-01	-2.209260e-01
2.960000e+00	1.800050e-01	1.891230e-01	-1.637100e-01
2.980000e+00	1.265990e-01	1.082290e-01	-2.029080e-01
3.000000e+00	1.271860e-01	2.264890e-02	-2.812280e-01
3.020000e+00	2.214700e-01	-7.741080e-03	-3.055940e-01
3.040000e+00	3.362080e-01	-3.026710e-02	-3.916780e-01
3.060000e+00	4.094400e-01	-1.097710e-01	-5.841660e-01
3.080000e+00	4.124890e-01	-2.182970e-01	-7.119360e-01
3.100000e+00	3.206970e-01	-2.458970e-01	-5.909300e-01
3.120000e+00	2.822770e-01	-1.362330e-01	-3.378500e-01
3.140000e+00	2.402550e-01	-3.843910e-02	-1.663480e-01
3.160000e+00	1.850030e-01	-1.351270e-01	-1.139980e-01
3.180000e+00	2.035770e-01	-3.333230e-01	-1.438780e-01
3.200000e+00	2.421630e-01	-4.832310e-01	-1.826440e-01
3.220000e+00	2.841710e-01	-5.585350e-01	-1.614320e-01
3.240000e+00	2.972010e-01	-5.897950e-01	-1.176040e-01
3.260000e+00	2.561570e-01	-5.606390e-01	-5.802610e-02
3.280000e+00	2.171530e-01	-5.065510e-01	6.793390e-02
3.300000e+00	1.305990e-01	-4.628510e-01	2.081240e-01
3.320000e+00	6.060760e-03	-4.483920e-01	3.538000e-01
3.340000e+00	-6.420320e-02	-4.804240e-01	4.685180e-01
3.360000e+00	-1.182970e-01	-5.322120e-01	5.500160e-01
3.380000e+00	-2.012910e-01	-5.964100e-01	6.129440e-01
3.400000e+00	-1.904070e-01	-6.600100e-01	5.455520e-01
3.420000e+00	-1.542670e-01	-6.185280e-01	4.828240e-01
3.440000e+00	-1.669590e-01	-4.414640e-01	4.193360e-01
3.460000e+00	-1.319610e-01	-2.498120e-01	3.543680e-01
3.480000e+00	-8.281460e-02	-1.220000e-01	2.769120e-01
3.500000e+00	-6.132460e-02	-1.091220e-01	2.812870e-01
3.520000e+00	-1.143430e-01	-1.353120e-01	4.480050e-01
3.540000e+00	-1.592170e-01	-1.680080e-01	5.507850e-01
3.560000e+00	-1.410920e-01	-1.547780e-01	4.245250e-01
3.580000e+00	-2.510580e-02	-1.679060e-01	1.616050e-01
3.600000e+00	1.123940e-01	-2.687700e-01	5.437550e-02
3.620000e+00	1.330600e-01	-3.626940e-01	9.501950e-02
3.640000e+00	1.562480e-01	-4.289020e-01	4.697150e-02
3.660000e+00	1.746930e-01	-4.161450e-01	-3.413850e-02
3.680000e+00	6.916100e-02	-3.334050e-01	4.258950e-02
3.700000e+00	-7.369700e-02	-2.540890e-01	2.220430e-01
3.720000e+00	-7.182610e-02	-1.464170e-01	2.888310e-01
3.740000e+00	6.434990e-02	-6.432270e-02	1.556950e-01
3.760000e+00	1.211780e-01	-1.509950e-01	1.331350e-02
3.780000e+00	1.136190e-02	-3.428950e-01	-1.057650e-02
3.800000e+00	-1.175080e-01	-4.901510e-01	3.453750e-02
3.820000e+00	-1.574040e-01	-5.123310e-01	1.190370e-01
3.840000e+00	-1.362020e-01	-4.706330e-01	3.585170e-01
3.860000e+00	-1.161420e-01	-3.805270e-01	5.829770e-01
3.880000e+00	-1.065680e-01	-3.020110e-01	5.364010e-01
3.900000e+00	-6.873630e-02	-3.156730e-01	3.228010e-01
3.920000e+00	-9.948830e-02	-3.517710e-01	2.459250e-01
3.940000e+00	-2.602600e-01	-3.420630e-01	3.670930e-01
3.960000e+00	-4.064640e-01	-3.225300e-01	4.523830e-01
3.980000e+00	-4.858680e-01	-3.180490e-01	4.106950e-01
4.000000e+00	-4.247660e-01	-2.908150e-01	3.866370e-01
4.020000e+00	-2.963620e-01	-1.956010e-01	4.847370e-01
4.040000e+00	-2.402620e-01	-9.310330e-02	4.484150e-01
4.060000e+00	-2.109380e-01	-1.204070e-01	2.330950e-01
4.080000e+00	-2.708100e-01	-2.131750e-01	1.486630e-01
4.100000e+00	-3.627640e-01	-3.458290e-01	1.922710e-01
4.120000e+00	-3.005240e-01	-4.152070e-01	1.147670e-01
4.140000e+00	-1.330380e-01	-3.418390e-01	-1.496930e-01
4.160000e+00	4.711660e-03	-2.361110e-01	-3.603320e-01
4.180000e+00	3.905570e-02	-1.899410e-01	-3.992530e-01
4.200000e+00	-2.826340e-03	-1.538410e-01	-3.397320e-01
4.220000e+00	-4.014630e-02	-5.328130e-02	-2.016600e-01
4.240000e+00	-6.067630e-02	2.602470e-02	-1.189020e-01
4.260000e+00	-1.007180e-01	6.908470e-02	-5.744500e-03
4.280000e+00	-2.399420e-01	1.399610e-01	1.066930e-01
4.300000e+00	-3.270560e-01	1.606050e-01	2.335420e-01
4.320000e+00	-4.405460e-01	1.369010e-01	4.523410e-01
4.340000e+00	-6.388300e-01	1.286230e-01	5.054270e-01
4.360000e+00	-7.524220e-01	1.780190e-01	3.692170e-01
4.380000e+00	-7.550870e-01	3.478490e-01	2.082310e-01
4.400000e+00	-6.558490e-01	5.695090e-01	1.418830e-01
4.420000e+00	-5.073790e-01	7.948090e-01	1.757190e-01
4.440000e+00	-3.879270e-01	9.436850e-01	6.819150e-02
4.460000e+00	-3.356770e-01	8.968370e-01	-2.295290e-01
4.480000e+00	-3.919730e-01	6.846770e-01	-5.232290e-01
4.500000e+00	-5.009430e-01	4.360970e-01	-6.918760e-01
4.520000e+00	-4.865590e-01	3.428930e-01	-6.604200e-01
4.540000e+00	-3.767350e-01	2.835690e-01	-6.654060e-01
4.560000e+00	-1.983490e-01	1.952050e-01	-6.063120e-01
4.580000e+00	-1.155810e-01	2.773650e-01	-3.735310e-01
4.600000e+00	-7.804250e-02	4.932850e-01	-1.558320e-01
4.620000e+00	2.569750e-02	8.342050e-01	9.028850e-02
4.640000e+00	6.715950e-02	1.079790e+00	4.715880e-01
4.660000e+00	8.040230e-02	1.104210e+00	9.430480e-01
4.680000e+00	1.663480e-01	8.371110e-01	1.204250e+00
4.700000e+00	3.254800e-01	3.090510e-01	1.132050e+00
4.720000e+00	5.700000e-01	-2.874090e-01	8.010550e-01
4.740000e+00	8.493000e-01	-7.206890e-01	3.221140e-01
4.760000e+00	1.079740e+00	-8.287830e-01	-9.576550e-02
4.780000e+00	1.235390e+00	-6.131630e-01	-3.413050e-01
4.800000e+00	1.314060e+00	-1.578030e-01	-4.783830e-01
4.820000e+00	1.243150e+00	2.849570e-01	-6.849230e-01
4.840000e+00	9.825300e-01	5.959770e-01	-9.775230e-01
4.860000e+00	5.910100e-01	7.026390e-01	-1.105660e+00
4.880000e+00	1.642500e-01	6.992320e-01	-9.484510e-01
4.900000e+00	-1.401300e-01	6.805320e-01	-4.965110e-01
4.920000e+00	-3.411300e-01	6.716190e-01	-9.019150e-02
4.940000e+00	-4.788860e-01	6.451930e-01	7.706850e-02
4.960000e+00	-6.078580e-01	5.763590e-01	-1.555150e-02
4.980000e+00	-7.232620e-01	5.435470e-01	-1.465370e-01
5.000000e+00	-7.781080e-01	5.741330e-01	-1.802830e-01
5.020000e+00	-7.340140e-01	6.315150e-01	-2.095250e-01
5.040000e+00	-6.403700e-01	5.764470e-01	-1.775690e-01
5.060000e+00	-4.325300e-01	4.516730e-01	-1.135310e-01
5.080000e+00	-1.680900e-01	3.273390e-01	-1.431890e-01
5.100000e+00	3.953030e-02	2.031430e-01	-2.207990e-01
5.120000e+00	2.613900e-01	-2.817460e-03	-2.812970e-01
5.140000e+00	5.019100e-01	-3.334570e-01	-4.983170e-01
5.160000e+00	7.089100e-01	-6.978770e-01	-8.018770e-01
5.180000e+00	7.559280e-01	-9.517370e-01	-1.017880e+00
5.200000e+00	6.569960e-01	-1.048340e+00	-9.965250e-01
5.220000e+00	5.297460e-01	-9.441450e-01	-7.444250e-01
5.240000e+00	4.489840e-01	-7.043050e-01	-1.736650e-01
5.260000e+00	2.359440e-01	-5.441710e-01	4.131740e-01
5.280000e+00	2.800430e-02	-4.913450e-01	5.783640e-01
5.300000e+00	4.122770e-04	-4.482270e-01	4.118080e-01
5.320000e+00	3.558030e-02	-3.365270e-01	2.369860e-01
5.340000e+00	1.088500e-01	-1.377950e-01	3.114380e-01
5.360000e+00	2.028940e-01	2.405250e-01	4.989820e-01
5.380000e+00	3.787480e-01	7.387840e-01	5.133210e-01
5.400000e+00	4.936260e-01	1.087480e+00	4.552350e-01
5.420000e+00	4.089600e-01	1.185580e+00	3.588650e-01
5.440000e+00	2.020800e-01	1.102690e+00	2.818670e-01
5.460000e+00	-3.555970e-02	9.863100e-01	3.084150e-01
5.480000e+00	-1.191080e-01	9.236580e-01	2.201330e-01
5.500000e+00	-2.271730e-03	8.882420e-01	-8.947330e-03
5.520000e+00	1.537680e-01	7.821030e-01	-2.963470e-01
5.540000e+00	3.676880e-01	6.128030e-01	-5.239070e-01
5.560000e+00	6.180080e-01	4.674970e-01	-5.978610e-01
5.580000e+00	7.712680e-01	3.599530e-01	-6.431550e-01
5.600000e+00	8.162420e-01	3.197680e-01	-7.147670e-01
5.620000e+00	7.427600e-01	3.956360e-01	-6.667430e-01
5.640000e+00	6.544500e-01	6.087160e-01	-4.456430e-01
5.660000e+00	6.161500e-01	9.491970e-01	-5.230330e-02
5.680000e+00	5.777100e-01	1.341140e+00	1.097970e-01
5.700000e+00	4.514760e-01	1.572120e+00	-2.762930e-02
5.720000e+00	1.466960e-01	1.524190e+00	-1.289150e-01
5.740000e+00	-2.252840e-01	1.238530e+00	-3.359730e-02
5.760000e+00	-4.294040e-01	9.338100e-01	6.864660e-02
5.780000e+00	-3.688660e-01	7.611220e-01	5.211640e-02
5.800000e+00	-3.004640e-01	5.814480e-01	-2.701150e-02
5.820000e+00	-3.167930e-01	3.346690e-01	-2.282870e-02
5.840000e+00	-2.874150e-01	1.865930e-01	6.502730e-02
5.860000e+00	-1.798890e-01	1.655970e-01	5.342260e-02
5.880000e+00	-5.483140e-02	6.949450e-02	-5.620140e-02
5.900000e+00	-8.698940e-02	-2.634250e-01	-2.734010e-01
5.920000e+00	-2.624570e-01	-7.818450e-01	-4.527710e-01
5.940000e+00	-4.538570e-01	-1.250550e+00	-5.210110e-01
5.960000e+00	-5.205210e-01	-1.507810e+00	-5.046990e-01
5.980000e+00	-4.067110e-01	-1.507800e+00	-4.242450e-01
6.000000e+00	-3.417710e-01	-1.310460e+00	-2.234050e-01
6.020000e+00	-3.799770e-01	-1.095940e+00	2.891540e-02
6.040000e+00	-3.024130e-01	-8.562830e-01	2.416350e-01
6.060000e+00	-4.023340e-02	-5.131630e-01	2.667190e-01
6.080000e+00	3.014470e-01	-2.262030e-01	2.051290e-01
6.100000e+00	5.825470e-01	-1.686350e-01	1.232670e-01
6.120000e+00	8.308470e-01	-2.815130e-01	-1.669530e-01
6.140000e+00	1.066850e+00	-3.240090e-01	-4.770930e-01
6.160000e+00	1.156440e+00	-1.747870e-01	-6.505130e-01
6.180000e+00	1.070850e+00	1.241530e-01	-6.364160e-01
6.200000e+00	7.894130e-01	4.959930e-01	-5.713460e-01
6.220000e+00	3.399730e-01	7.270330e-01	-4.563440e-01
6.240000e+00	-4.488740e-02	6.949470e-01	-3.624740e-01
6.260000e+00	-2.505870e-01	4.672870e-01	-4.218980e-01
6.280000e+00	-2.856130e-01	2.268470e-01	-5.740800e-01
6.300000e+00	-2.357850e-01	1.325570e-01	-6.303040e-01
6.320000e+00	-2.419910e-01	1.235600e-01	-4.430780e-01
6.340000e+00	-4.029530e-01	1.429610e-01	-1.241580e-01
6.360000e+00	-6.810730e-01	1.993050e-01	1.784620e-01
6.380000e+00	-9.795130e-01	2.560710e-01	4.315420e-01
6.400000e+00	-1.224850e+00	2.292850e-01	5.226580e-01
6.420000e+00	-1.319900e+00	1.235090e-01	4.122480e-01
6.440000e+00	-1.313740e+00	-7.120120e-02	1.698680e-01
6.460000e+00	-1.289470e+00	-3.342810e-01	-3.679170e-02
6.480000e+00	-1.230520e+00	-6.603210e-01	-1.818240e-01
6.500000e+00	-1.217300e+00	-9.481210e-01	-3.250760e-01
6.520000e+00	-1.269430e+00	-1.041630e+00	-5.494160e-01
6.540000e+00	-1.375890e+00	-8.954170e-01	-8.960360e-01
6.560000e+00	-1.488800e+00	-6.669970e-01	-1.080200e+00
6.580000e+00	-1.513830e+00	-4.696670e-01	-1.007860e+00
6.600000e+00	-1.324320e+00	-3.344150e-01	-8.124980e-01
6.620000e+00	-9.612610e-01	-2.656050e-01	-6.343300e-01
6.640000e+00	-6.314210e-01	-1.225090e-01	-3.683700e-01
6.660000e+00	-3.778010e-01	7.242070e-02	-3.154970e-02
6.680000e+00	-1.262810e-01	2.311890e-01	2.043700e-01
6.700000e+00	2.208190e-01	3.726270e-01	3.710160e-01
6.720000e+00	5.978390e-01	5.901670e-01	4.976980e-01
6.740000e+00	9.148790e-01	6.962030e-01	4.493920e-01
6.760000e+00	1.098010e+00	5.609910e-01	2.982420e-01
6.780000e+00	1.162550e+00	2.914510e-01	2.024660e-01
6.800000e+00	1.128460e+00	5.265070e-02	2.428140e-01
6.820000e+00	1.080560e+00	5.137720e-02	4.194280e-01
6.840000e+00	1.016620e+00	1.963350e-01	4.633620e-01
6.860000e+00	1.003540e+00	2.990090e-01	3.746740e-01
6.880000e+00	1.155170e+00	2.985400e-01	1.697940e-01
6.900000e+00	1.411670e+00	2.039720e-01	-5.566570e-02
6.920000e+00	1.679970e+00	1.780640e-01	-1.920660e-01
6.940000e+00	1.903870e+00	3.088940e-01	-3.667480e-01
6.960000e+00	1.967770e+00	4.357440e-01	-5.598040e-01
6.980000e+00	1.816430e+00	4.021560e-01	-5.753500e-01
7.000000e+00	1.488050e+00	1.880560e-01	-3.837260e-01
7.020000e+00	9.947300e-01	-1.059640e-01	-2.120720e-01
7.040000e+00	4.134700e-01	-3.155240e-01	-8.894780e-02
7.060000e+00	-7.703000e-02	-4.650060e-01	1.036800e-01
7.080000e+00	-4.015300e-01	-6.778460e-01	2.854420e-01
7.100000e+00	-6.127300e-01	-9.824060e-01	3.462700e-01
7.120000e+00	-6.913080e-01	-1.221710e+00	4.339540e-01
7.140000e+00	-7.208160e-01	-1.302450e+00	5.352060e-01
7.160000e+00	-7.697340e-01	-1.286570e+00	7.177880e-01
7.180000e+00	-9.377860e-01	-1.157880e+00	9.595680e-01
7.200000e+00	-1.155590e+00	-9.470170e-01	1.038110e+00
7.220000e+00	-1.265300e+00	-7.105770e-01	9.963380e-01
7.240000e+00	-1.222850e+00	-4.933370e-01	9.226860e-01
7.260000e+00	-9.973900e-01	-4.031050e-01	7.248380e-01
7.280000e+00	-7.271500e-01	-4.851390e-01	4.104580e-01
7.300000e+00	-5.739620e-01	-6.875590e-01	2.042180e-01
7.320000e+00	-5.385280e-01	-9.087390e-01	1.090900e-01
7.340000e+00	-5.389570e-01	-1.052120e+00	1.039190e-01
7.360000e+00	-5.033650e-01	-1.088330e+00	7.099070e-02
7.380000e+00	-3.678310e-01	-1.044630e+00	2.653670e-02
7.400000e+00	-1.633710e-01	-9.504530e-01	1.522210e-02
7.420000e+00	-1.796910e-02	-9.335880e-01	1.116340e-01
7.440000e+00	7.041890e-02	-9.424800e-01	3.311940e-01
7.460000e+00	3.292890e-02	-8.109860e-01	5.964940e-01
7.480000e+00	-9.071510e-02	-5.147060e-01	7.845480e-01
7.500000e+00	-1.581870e-01	4.254210e-03	7.160040e-01
7.520000e+00	-1.284770e-01	6.350540e-01	4.801440e-01
7.540000e+00	-1.501970e-01	1.252110e+00	3.205800e-01
7.560000e+00	-3.498670e-01	1.850850e+00	2.930980e-01
7.580000e+00	-6.023870e-01	2.314230e+00	3.403620e-01
7.600000e+00	-8.630270e-01	2.637130e+00	5.123440e-01
7.620000e+00	-1.083530e+00	2.629000e+00	6.668160e-01
7.640000e+00	-1.150420e+00	2.075440e+00	8.031800e-01
7.660000e+00	-1.013570e+00	1.115020e+00	8.138260e-01
7.680000e+00	-7.136110e-01	6.004010e-02	7.103620e-01
7.700000e+00	-4.106310e-01	-8.336400e-01	5.469600e-01
7.720000e+00	-2.140390e-01	-1.525120e+00	4.180780e-01
7.740000e+00	-1.226930e-01	-1.930900e+00	4.192980e-01
7.760000e+00	-7.875710e-02	-2.054320e+00	5.307860e-01
7.780000e+00	2.453690e-02	-1.891700e+00	7.636660e-01
7.800000e+00	2.562370e-01	-1.570620e+00	8.843420e-01
7.820000e+00	4.485070e-01	-1.367520e+00	8.653320e-01
7.840000e+00	5.483810e-01	-1.418020e+00	6.759960e-01
7.860000e+00	6.159930e-01	-1.555040e+00	4.549960e-01
7.880000e+00	6.355560e-01	-1.529840e+00	2.963380e-01
7.900000e+00	6.421720e-01	-1.316660e+00	2.810090e-01
7.920000e+00	5.700600e-01	-1.020240e+00	3.166930e-01
7.940000e+00	3.361000e-01	-8.046220e-01	2.464730e-01
7.960000e+00	-4.200030e-02	-6.465540e-01	2.281260e-02
7.980000e+00	-6.080400e-01	-5.219860e-01	-2.916270e-01
8.000000e+00	-1.309080e+00	-3.871300e-01	-4.876890e-01
8.020000e+00	-1.946300e+00	-2.109880e-01	-4.230110e-01
8.040000e+00	-2.409700e+00	-1.156940e-01	1.370490e-01
8.060000e+00	-2.634980e+00	-3.003520e-01	8.126090e-01
8.080000e+00	-2.615790e+00	-8.654720e-01	1.160710e+00
8.100000e+00	-2.347770e+00	-1.622670e+00	1.084450e+00
8.120000e+00	-1.901330e+00	-2.272890e+00	7.979290e-01
8.140000e+00	-1.263130e+00	-2.728790e+00	6.016530e-01
8.160000e+00	-6.421860e-01	-2.933430e+00	5.001950e-01
8.180000e+00	-2.133260e-01	-2.708230e+00	2.958350e-01
8.200000e+00	7.061370e-02	-2.017110e+00	-3.496540e-02
8.220000e+00	1.889180e-01	-1.070650e+00	-2.368850e-01
8.240000e+00	1.417400e-01	-1.966920e-01	-2.597370e-01
8.260000e+00	9.694170e-02	2.907680e-01	-2.265330e-01
8.280000e+00	1.353940e-01	2.573140e-01	-1.866430e-01
8.300000e+00	1.907980e-01	-1.649060e-01	-1.858570e-01
8.320000e+00	3.242900e-01	-6.954660e-01	-1.955980e-01
8.340000e+00	5.158180e-01	-8.513640e-01	-1.973130e-01
8.360000e+00	6.531940e-01	-5.353440e-01	-1.426130e-01
8.380000e+00	6.954100e-01	8.923610e-02	-1.936900e-02
8.400000e+00	6.706060e-01	7.664560e-01	-8.033650e-03
8.420000e+00	5.092760e-01	1.347920e+00	-1.700060e-01
8.440000e+00	2.593960e-01	1.730240e+00	-3.428260e-01
8.460000e+00	-3.464260e-03	1.827650e+00	-4.295340e-01
8.480000e+00	-2.134440e-01	1.669640e+00	-3.767560e-01
8.500000e+00	-2.351720e-01	1.339740e+00	-2.521920e-01
8.520000e+00	-2.265220e-02	1.019680e+00	-1.999120e-01
8.540000e+00	2.890280e-01	8.315340e-01	-2.126910e-01
8.560000e+00	4.353100e-01	8.546360e-01	-2.586310e-01
8.580000e+00	3.643780e-01	1.058020e+00	-3.343290e-01
8.600000e+00	1.185580e-01	1.309520e+00	-4.307190e-01
8.620000e+00	-1.838820e-01	1.375450e+00	-5.975530e-01
8.640000e+00	-4.061820e-01	1.259940e+00	-8.369730e-01
8.660000e+00	-4.064770e-01	1.125130e+00	-1.067570e+00
8.680000e+00	-1.180770e-01	1.012630e+00	-1.112640e+00
8.700000e+00	2.210630e-01	8.210720e-01	-9.143050e-01
8.720000e+00	3.851350e-01	6.221640e-01	-6.980450e-01
8.740000e+00	4.120810e-01	5.587400e-01	-5.779010e-01
8.760000e+00	4.116090e-01	6.224560e-01	-5.063670e-01
8.780000e+00	4.790390e-01	7.577580e-01	-3.379130e-01
8.800000e+00	6.127910e-01	9.474560e-01	-6.947320e-02
8.820000e+00	6.911490e-01	1.114960e+00	1.249790e-01
8.840000e+00	6.901990e-01	1.082890e+00	1.726810e-01
8.860000e+00	5.798610e-01	8.397500e-01	2.046930e-01
8.880000e+00	4.169290e-01	3.946300e-01	2.441910e-01
8.900000e+00	3.291430e-01	-1.691300e-01	1.880090e-01
8.920000e+00	3.069170e-01	-6.805100e-01	9.914680e-02
8.940000e+00	4.081470e-01	-1.041570e+00	-2.001520e-02
8.960000e+00	6.439870e-01	-1.149380e+00	-1.315330e-01
8.980000e+00	9.239070e-01	-8.915180e-01	-1.042050e-01
9.000000e+00	1.132810e+00	-3.084780e-01	1.148550e-01
9.020000e+00	1.150650e+00	2.951220e-01	2.429290e-01
9.040000e+00	9.398500e-01	6.442220e-01	9.835480e-02
9.060000e+00	5.529100e-01	6.331890e-01	-2.217850e-01
9.080000e+00	1.574700e-01	3.885690e-01	-4.559850e-01
9.100000e+00	-1.296700e-01	6.366890e-02	-4.957190e-01
9.120000e+00	-3.146180e-01	-1.382310e-01	-3.083110e-01
9.140000e+00	-3.948220e-01	-1.383600e-01	-8.971120e-02
9.160000e+00	-3.421640e-01	3.930220e-02	-7.542740e-02
9.180000e+00	-9.396440e-02	3.367620e-01	-2.051530e-01
9.200000e+00	2.784560e-01	6.577020e-01	-3.706630e-01
9.220000e+00	5.384760e-01	9.003620e-01	-5.355710e-01
9.240000e+00	6.477160e-01	9.182160e-01	-7.742510e-01
9.260000e+00	5.800660e-01	7.229180e-01	-9.612750e-01
9.280000e+00	3.163460e-01	3.319980e-01	-1.073190e+00
9.300000e+00	4.866560e-02	-1.044220e-02	-1.030300e+00
9.320000e+00	-9.998040e-02	-1.506500e-01	-9.782710e-01
9.340000e+00	-1.033760e-01	-1.244320e-01	-7.053710e-01
9.360000e+00	7.556200e-02	-1.540220e-02	-3.591310e-01
9.380000e+00	2.854420e-01	7.817810e-03	-3.349590e-01
9.400000e+00	4.856620e-01	-1.777420e-02	-4.949830e-01
9.420000e+00	6.854360e-01	5.641580e-02	-5.945530e-01
9.440000e+00	8.079640e-01	2.709160e-01	-4.070630e-01
9.460000e+00	8.429560e-01	5.987560e-01	-1.940230e-01
9.480000e+00	8.307000e-01	9.413360e-01	-2.634270e-01
9.500000e+00	8.118990e-01	1.180800e+00	-6.791470e-01
9.520000e+00	7.241770e-01	1.246930e+00	-1.156650e+00
9.540000e+00	5.556830e-01	1.248590e+00	-1.462410e+00
9.560000e+00	4.433030e-01	1.396910e+00	-1.501820e+00
9.580000e+00	3.091710e-01	1.736710e+00	-1.460060e+00
9.600000e+00	2.553120e-02	2.091530e+00	-1.452970e+00
9.620000e+00	-4.180490e-01	2.248730e+00	-1.355210e+00
9.640000e+00	-9.084090e-01	2.209290e+00	-1.132690e+00
9.660000e+00	-1.168390e+00	2.060310e+00	-8.011950e-01
9.680000e+00	-1.199760e+00	2.015510e+00	-4.860350e-01
9.700000e+00	-1.188710e+00	2.033880e+00	-2.456150e-01
9.720000e+00	-1.326530e+00	1.925240e+00	-2.314970e-03
9.740000e+00	-1.502150e+00	1.684780e+00	1.612230e-01
9.760000e+00	-1.452060e+00	1.502710e+00	2.478930e-01
9.780000e+00	-1.132920e+00	1.529370e+00	3.510110e-01
9.800000e+00	-6.576770e-01	1.686910e+00	6.617310e-01
9.820000e+00	-1.013770e-01	1.927110e+00	8.776310e-01
9.840000e+00	5.339030e-01	2.161530e+00	1.000890e+00
9.860000e+00	1.142240e+00	2.272050e+00	1.280080e+00
9.880000e+00	1.600480e+00	2.279450e+00	1.347290e+00
9.900000e+00	1.907240e+00	2.297960e+00	1.317730e+00
9.920000e+00	2.271480e+00	2.421230e+00	1.215200e+00
9.940000e+00	2.865280e+00	2.600120e+00	1.146080e+00
9.960000e+00	3.733160e+00	2.688050e+00	1.090220e+00
9.980000e+00	4.572340e+00	2.576350e+00	9.920410e-01
1.000000e+01	5.012100e+00	2.199030e+00	8.216950e-01
1.002000e+01	4.967920e+00	1.457890e+00	4.557150e-01
1.004000e+01	4.400300e+00	4.441490e-01	7.563500e-02
1.006000e+01	3.425400e+00	-4.405510e-01	-1.768050e-01
1.008000e+01	2.170960e+00	-9.267510e-01	-3.654890e-02
1.010000e+01	7.479030e-01	-9.932570e-01	3.677110e-01
1.012000e+01	-5.438960e-01	-8.415430e-01	7.011310e-01
1.014000e+01	-1.575020e+00	-8.255870e-01	9.578710e-01
1.016000e+01	-2.339560e+00	-1.130130e+00	1.143420e+00
1.018000e+01	-2.714340e+00	-1.639970e+00	1.156250e+00
1.020000e+01	-2.680180e+00	-2.067850e+00	1.074880e+00
1.022000e+01	-2.375940e+00	-2.252000e+00	1.017000e+00
1.024000e+01	-2.182450e+00	-2.263500e+00	9.853810e-01
1.026000e+01	-2.261150e+00	-2.336660e+00	8.088910e-01
1.028000e+01	-2.568250e+00	-2.496570e+00	5.551510e-01
1.030000e+01	-2.908650e+00	-2.685840e+00	3.221110e-01
1.032000e+01	-3.018770e+00	-2.797300e+00	-8.487880e-04
1.034000e+01	-2.823200e+00	-2.734090e+00	-3.766090e-01
1.036000e+01	-2.298120e+00	-2.563850e+00	-6.892890e-01
1.038000e+01	-1.613920e+00	-2.296730e+00	-7.936370e-01
1.040000e+01	-1.132840e+00	-1.925970e+00	-7.771310e-01
1.042000e+01	-1.001930e+00	-1.567910e+00	-6.237210e-01
1.044000e+01	-1.231030e+00	-1.341410e+00	-2.449610e-01
1.046000e+01	-1.817810e+00	-1.265140e+00	1.789190e-01
1.048000e+01	-2.504370e+00	-1.248130e+00	4.213790e-01
1.050000e+01	-2.996270e+00	-1.224970e+00	5.333870e-01
1.052000e+01	-3.122500e+00	-1.132950e+00	7.644270e-01
1.054000e+01	-2.924630e+00	-8.531140e-01	1.231430e+00
1.056000e+01	-2.466070e+00	-3.259740e-01	1.492790e+00
1.058000e+01	-1.869650e+00	3.725260e-01	1.244270e+00
1.060000e+01	-1.319510e+00	9.260660e-01	7.364470e-01
1.062000e+01	-7.571520e-01	1.115580e+00	2.773270e-01
1.064000e+01	-1.209130e-01	1.018130e+00	7.741860e-02
1.066000e+01	5.028670e-01	9.102160e-01	1.545860e-02
1.068000e+01	1.002150e+00	7.814920e-01	-4.558140e-02
1.070000e+01	1.377870e+00	5.175720e-01	-6.829740e-02
1.072000e+01	1.726410e+00	2.881120e-01	9.648260e-02
1.074000e+01	2.141950e+00	5.597200e-02	1.111110e-01
1.076000e+01	2.684790e+00	-2.101880e-01	-1.581890e-01
1.078000e+01	3.149230e+00	-3.447140e-01	-5.895490e-01
1.080000e+01	3.379110e+00	-2.193600e-01	-1.037550e+00
1.082000e+01	3.352370e+00	1.312000e-01	-1.217130e+00
1.084000e+01	3.141270e+00	6.145200e-01	-1.042010e+00
1.086000e+01	2.853350e+00	1.079260e+00	-4.920870e-01
1.088000e+01	2.395510e+00	1.345060e+00	3.528330e-01
1.090000e+01	1.819630e+00	1.278450e+00	9.892130e-01
1.092000e+01	1.193970e+00	8.091080e-01	8.962590e-01
1.094000e+01	4.597270e-01	7.496800e-02	5.383590e-01
1.096000e+01	-3.363930e-01	-7.298320e-01	2.508390e-01
1.098000e+01	-1.108390e+00	-1.346970e+00	1.569390e-01
1.100000e+01	-1.791390e+00	-1.731950e+00	1.113690e-01
1.102000e+01	-2.367890e+00	-1.922240e+00	-2.787860e-02
1.104000e+01	-2.739370e+00	-1.894430e+00	-5.147660e-02
1.106000e+01	-2.847810e+00	-1.736540e+00	7.407940e-02
1.108000e+01	-2.702290e+00	-1.525160e+00	1.070790e-01
1.110000e+01	-2.378770e+00	-1.335510e+00	-1.169610e-01
1.112000e+01	-2.136150e+00	-1.199450e+00	-5.288010e-01
1.114000e+01	-2.096010e+00	-1.208350e+00	-8.479610e-01
1.116000e+01	-2.174570e+00	-1.232370e+00	-9.350210e-01
1.118000e+01	-2.159750e+00	-1.084180e+00	-9.429500e-01
1.120000e+01	-1.956950e+00	-7.310160e-01	-1.042340e+00
1.122000e+01	-1.745710e+00	-2.909560e-01	-1.041300e+00
1.124000e+01	-1.543830e+00	6.866440e-02	-8.006600e-01
1.126000e+01	-1.250930e+00	3.205040e-01	-4.144200e-01
1.128000e+01	-7.952930e-01	3.561980e-01	-1.090010e-02
1.130000e+01	-1.756330e-01	1.818020e-01	2.878800e-01
1.132000e+01	4.128670e-01	-9.973760e-02	4.942800e-01
1.134000e+01	9.263270e-01	-3.716180e-01	6.399100e-01
1.136000e+01	1.273230e+00	-6.443380e-01	7.278240e-01
1.138000e+01	1.387520e+00	-9.652780e-01	8.137360e-01
1.140000e+01	1.273210e+00	-1.230180e+00	9.823580e-01
1.142000e+01	9.403650e-01	-1.420080e+00	1.173920e+00
1.144000e+01	6.918250e-01	-1.593490e+00	1.232590e+00
1.146000e+01	7.276590e-01	-1.803750e+00	1.039400e+00
1.148000e+01	1.063980e+00	-2.133390e+00	7.178960e-01
1.150000e+01	1.542300e+00	-2.489510e+00	4.738560e-01
1.152000e+01	2.006240e+00	-2.786610e+00	2.378960e-01
1.154000e+01	2.267920e+00	-3.050130e+00	-8.858410e-02
1.156000e+01	2.160070e+00	-3.325330e+00	-4.227440e-01
1.158000e+01	1.685770e+00	-3.506860e+00	-7.432840e-01
1.160000e+01	8.732730e-01	-3.426710e+00	-1.065340e+00
1.162000e+01	-1.407670e-01	-3.008810e+00	-1.282620e+00
1.164000e+01	-1.203210e+00	-2.292770e+00	-1.228160e+00
1.166000e+01	-2.044350e+00	-1.493770e+00	-8.023780e-01
1.168000e+01	-2.517770e+00	-8.149720e-01	-3.253980e-01
1.170000e+01	-2.651100e+00	-4.187520e-01	-9.963820e-02
1.172000e+01	-2.518490e+00	-2.794900e-01	-4.290420e-02
1.174000e+01	-2.319010e+00	-4.093940e-01	3.215980e-02
1.176000e+01	-2.069450e+00	-7.027540e-01	9.509780e-02
1.178000e+01	-1.694190e+00	-9.034740e-01	-8.549420e-02
1.180000e+01	-1.246830e+00	-8.224120e-01	-4.382940e-01
1.182000e+01	-7.655130e-01	-3.336520e-01	-7.524740e-01
1.184000e+01	-3.430330e-01	4.587680e-01	-8.891040e-01
1.186000e+01	1.385670e-01	1.342850e+00	-9.834480e-01
1.188000e+01	7.319270e-01	2.044330e+00	-1.087680e+00
1.190000e+01	1.212310e+00	2.377670e+00	-1.146540e+00
1.192000e+01	1.432170e+00	2.352200e+00	-1.096920e+00
1.194000e+01	1.467090e+00	2.147520e+00	-8.657360e-01
1.196000e+01	1.492340e+00	1.997740e+00	-5.438760e-01
1.198000e+01	1.418280e+00	1.952140e+00	-1.720960e-01
1.200000e+01	1.116940e+00	2.046350e+00	3.916240e-01
1.202000e+01	5.402570e-01	2.241180e+00	1.083120e+00
1.204000e+01	1.170770e-01	2.431330e+00	1.555380e+00
1.206000e+01	1.641170e-01	2.602770e+00	1.686490e+00
1.208000e+01	6.502170e-01	2.759440e+00	1.563190e+00
1.210000e+01	1.372800e+00	2.835630e+00	1.431410e+00
1.212000e+01	1.981020e+00	2.816580e+00	1.259800e+00
1.214000e+01	2.398780e+00	2.710750e+00	9.737820e-01
1.216000e+01	2.502790e+00	2.563000e+00	6.740020e-01
1.218000e+01	2.341670e+00	2.325160e+00	2.815820e-01
1.220000e+01	1.898210e+00	1.852700e+00	-7.595810e-02
1.222000e+01	1.325770e+00	1.054820e+00	-3.421980e-01
1.224000e+01	8.592910e-01	6.800730e-03	-5.907780e-01
1.226000e+01	4.205110e-01	-1.011780e+00	-6.759180e-01
1.228000e+01	-7.868860e-02	-1.727040e+00	-6.197700e-01
1.230000e+01	-6.728090e-01	-2.005960e+00	-4.882340e-01
1.232000e+01	-1.223610e+00	-1.786520e+00	-2.367740e-01
1.234000e+01	-1.569190e+00	-1.301520e+00	1.176060e-01
1.236000e+01	-1.637300e+00	-9.450590e-01	4.332260e-01
1.238000e+01	-1.541980e+00	-7.831890e-01	5.859580e-01
1.240000e+01	-1.320760e+00	-7.160170e-01	5.259000e-01
1.242000e+01	-9.296250e-01	-5.825430e-01	2.715000e-01
1.244000e+01	-5.083050e-01	-3.771030e-01	7.739590e-02
1.246000e+01	-2.617250e-01	-1.049030e-01	-4.964810e-02
1.248000e+01	-1.700070e-01	1.496770e-01	-3.112080e-01
1.250000e+01	-2.384070e-01	3.722370e-01	-8.240880e-01
1.252000e+01	-4.736270e-01	5.391810e-01	-1.301910e+00
1.254000e+01	-9.181470e-01	5.052030e-01	-1.489350e+00
1.256000e+01	-1.439930e+00	2.569430e-01	-1.291080e+00
1.258000e+01	-1.725670e+00	-1.096370e-01	-8.648440e-01
1.260000e+01	-1.715070e+00	-5.058370e-01	-5.303640e-01
1.262000e+01	-1.447790e+00	-8.856970e-01	-9.676410e-02
1.264000e+01	-1.026110e+00	-1.135400e+00	4.245160e-01
1.266000e+01	-4.739880e-01	-1.145040e+00	7.929160e-01
1.268000e+01	9.263200e-02	-8.352840e-01	8.848740e-01
1.270000e+01	4.838120e-01	-2.625640e-01	6.738340e-01
1.272000e+01	6.659080e-01	5.001160e-01	2.555740e-01
1.274000e+01	7.708340e-01	1.379040e+00	-1.444460e-01
1.276000e+01	9.825140e-01	2.091120e+00	-3.904860e-01
1.278000e+01	1.404170e+00	2.426580e+00	-6.150660e-01
1.280000e+01	2.022010e+00	2.405210e+00	-9.420060e-01
1.282000e+01	2.531650e+00	2.144410e+00	-1.203430e+00
1.284000e+01	2.706790e+00	1.683810e+00	-1.292050e+00
1.286000e+01	2.541910e+00	1.141190e+00	-1.184010e+00
1.288000e+01	2.078330e+00	6.892260e-01	-8.889120e-01
1.290000e+01	1.484030e+00	3.895260e-01	-4.577720e-01
1.292000e+01	9.744340e-01	3.346900e-01	1.634880e-01
1.294000e+01	6.713940e-01	5.721700e-01	7.984680e-01
1.296000e+01	5.757740e-01	1.045510e+00	1.284490e+00
1.298000e+01	6.159800e-01	1.571630e+00	1.584010e+00
1.300000e+01	6.705560e-01	1.968410e+00	1.740260e+00
1.302000e+01	6.178460e-01	2.071040e+00	1.717600e+00
1.304000e+01	3.701060e-01	1.857420e+00	1.503840e+00
1.306000e+01	8.206030e-03	1.471560e+00	1.190340e+00
1.308000e+01	-3.355540e-01	1.122820e+00	8.963640e-01
1.310000e+01	-7.397340e-01	7.771640e-01	6.556240e-01
1.312000e+01	-1.251070e+00	3.705040e-01	3.661440e-01
1.314000e+01	-1.771670e+00	-6.159590e-02	4.123890e-03
1.316000e+01	-2.120410e+00	-5.350360e-01	-2.702760e-01
1.318000e+01	-2.175230e+00	-8.639960e-01	-2.791920e-01
1.320000e+01	-1.939810e+00	-9.456160e-01	-1.411760e-01
1.322000e+01	-1.462370e+00	-8.353740e-01	-3.315790e-02
1.324000e+01	-9.768300e-01	-5.691140e-01	1.394380e-01
1.326000e+01	-7.075900e-01	-1.406940e-01	4.908380e-01
1.328000e+01	-6.280960e-01	4.694060e-01	7.903580e-01
1.330000e+01	-6.902900e-01	1.151170e+00	9.295580e-01
1.332000e+01	-8.260120e-01	1.669530e+00	1.057010e+00
1.334000e+01	-8.321350e-01	1.832180e+00	1.124190e+00
1.336000e+01	-6.086950e-01	1.557460e+00	9.281060e-01
1.338000e+01	-2.219150e-01	8.849380e-01	4.209060e-01
1.340000e+01	1.919250e-01	-9.861980e-03	-3.044740e-01
1.342000e+01	5.804450e-01	-8.049620e-01	-1.009750e+00
1.344000e+01	9.184250e-01	-1.278620e+00	-1.528990e+00
1.346000e+01	1.198600e+00	-1.428630e+00	-1.824230e+00
1.348000e+01	1.304140e+00	-1.284540e+00	-1.789530e+00
1.350000e+01	1.209670e+00	-9.688160e-01	-1.506990e+00
1.352000e+01	1.055220e+00	-6.278160e-01	-1.185730e+00
1.354000e+01	9.051890e-01	-3.517760e-01	-8.425480e-01
1.356000e+01	7.981490e-01	-2.183980e-01	-4.411680e-01
1.358000e+01	6.568070e-01	-1.743540e-01	5.505210e-02
1.360000e+01	5.733810e-01	-1.550450e-01	4.452720e-01
1.362000e+01	6.041250e-01	-1.152830e-01	5.173900e-01
1.364000e+01	5.487970e-01	-6.107120e-02	2.985100e-01
1.366000e+01	3.408370e-01	8.319880e-02	4.493010e-02
1.368000e+01	5.227660e-02	2.720590e-01	-8.087590e-02
1.370000e+01	-2.606230e-01	3.785890e-01	-3.231760e-01
1.372000e+01	-4.717230e-01	3.203590e-01	-7.362160e-01
1.374000e+01	-5.414830e-01	4.919880e-02	-1.195580e+00
1.376000e+01	-5.649930e-01	-4.167410e-01	-1.522740e+00
1.378000e+01	-5.776760e-01	-1.043440e+00	-1.676390e+00
1.380000e+01	-6.257400e-01	-1.540420e+00	-1.643080e+00
1.382000e+01	-7.459100e-01	-1.803640e+00	-1.421500e+00
1.384000e+01	-9.334820e-01	-1.863760e+00	-9.103020e-01
1.386000e+01	-1.072300e+00	-1.706830e+00	-2.225820e-01
1.388000e+01	-1.080570e+00	-1.355850e+00	4.112580e-01
1.390000e+01	-1.021370e+00	-9.011530e-01	8.990380e-01
1.392000e+01	-9.438750e-01	-5.212530e-01	1.190920e+00
1.394000e+01	-8.319610e-01	-3.472290e-01	1.313730e+00
1.396000e+01	-6.999550e-01	-3.874370e-01	1.261830e+00
1.398000e+01	-5.549590e-01	-5.870250e-01	1.071660e+00
1.400000e+01	-4.065410e-01	-7.355430e-01	7.830440e-01
1.402000e+01	-2.167170e-01	-7.301650e-01	4.899440e-01
1.404000e+01	-2.256580e-03	-5.834390e-01	2.157840e-01
1.406000e+01	1.654550e-01	-3.396390e-01	-5.501590e-02
1.408000e+01	2.870190e-01	-9.939880e-02	-3.435360e-01
1.410000e+01	2.683770e-01	8.055520e-02	-5.335880e-01
1.412000e+01	1.005430e-01	2.285890e-01	-6.794120e-01
1.414000e+01	-1.596970e-01	3.902130e-01	-7.311180e-01
1.416000e+01	-4.408370e-01	4.700090e-01	-6.616100e-01
1.418000e+01	-5.950270e-01	4.484030e-01	-4.661840e-01
1.420000e+01	-5.219770e-01	3.399830e-01	-1.978440e-01
1.422000e+01	-3.605690e-01	1.772890e-01	-4.864390e-02
1.424000e+01	-2.568970e-01	-6.137080e-02	3.453610e-02
1.426000e+01	-2.237490e-01	-2.831910e-01	-7.521900e-03
1.428000e+01	-2.696290e-01	-4.159650e-01	-1.236860e-01
1.430000e+01	-2.807090e-01	-4.530790e-01	-2.391720e-01
1.432000e+01	-1.697530e-01	-3.786030e-01	-3.472340e-01
1.434000e+01	-4.296460e-02	-2.540750e-01	-4.557760e-01
1.436000e+01	-2.078060e-02	-2.030690e-01	-5.005800e-01
1.438000e+01	-8.621060e-02	-2.134810e-01	-4.442000e-01
1.440000e+01	-1.965690e-01	-1.931730e-01	-3.261020e-01
1.442000e+01	-3.691850e-01	-1.705030e-01	-1.899920e-01
1.444000e+01	-6.553250e-01	-1.492930e-01	1.154810e-02
1.446000e+01	-9.670650e-01	-1.645450e-01	2.402680e-01
1.448000e+01	-1.217940e+00	-1.919630e-01	4.280920e-01
1.450000e+01	-1.374310e+00	-1.576830e-01	6.051680e-01
1.452000e+01	-1.512310e+00	-1.729700e-02	6.938720e-01
1.454000e+01	-1.708830e+00	1.038410e-01	6.546940e-01
1.456000e+01	-1.907840e+00	4.883100e-02	5.936020e-01
1.458000e+01	-2.031060e+00	-1.960090e-01	5.466800e-01
1.460000e+01	-1.993350e+00	-5.199690e-01	4.174460e-01
1.462000e+01	-1.793940e+00	-8.115890e-01	2.267720e-01
1.464000e+01	-1.493640e+00	-9.794510e-01	8.454810e-02
1.466000e+01	-1.141740e+00	-9.942180e-01	5.179210e-02
1.468000e+01	-6.855630e-01	-8.849080e-01	5.285640e-02
1.470000e+01	-1.266430e-01	-7.108540e-01	9.078440e-02
1.472000e+01	3.440770e-01	-5.109620e-01	1.689180e-01
1.474000e+01	6.903770e-01	-3.791520e-01	1.574570e-01
1.476000e+01	9.069170e-01	-2.853440e-01	4.987460e-02
1.478000e+01	1.079760e+00	-1.462880e-01	-8.650540e-02
1.480000e+01	1.281400e+00	1.994170e-03	-2.411770e-01
1.482000e+01	1.468210e+00	1.866800e-01	-4.055350e-01
1.484000e+01	1.588150e+00	3.929800e-01	-5.071770e-01
1.486000e+01	1.593850e+00	6.120400e-01	-5.539250e-01
1.488000e+01	1.488740e+00	7.753780e-01	-5.711750e-01
1.490000e+01	1.319010e+00	8.373140e-01	-5.600470e-01
1.492000e+01	1.144510e+00	8.822580e-01	-4.211010e-01
1.494000e+01	1.009640e+00	9.543800e-01	-2.326430e-01
1.496000e+01	1.036210e+00	1.074710e+00	-1.388810e-01
1.498000e+01	1.204280e+00	1.280870e+00	-1.266510e-01
1.500000e+01	1.438720e+00	1.566130e+00	-5.630700e-02
1.502000e+01	1.620170e+00	1.913430e+00	1.425190e-01
1.504000e+01	1.625990e+00	2.246030e+00	3.723590e-01
1.506000e+01	1.450180e+00	2.422390e+00	5.808390e-01
1.508000e+01	1.097160e+00	2.372450e+00	6.730210e-01
1.510000e+01	7.352580e-01	2.156310e+00	6.686820e-01
1.512000e+01	4.450380e-01	1.855790e+00	6.385060e-01
1.514000e+01	2.508080e-01	1.519250e+00	6.455120e-01
1.516000e+01	1.585220e-01	1.255290e+00	6.857980e-01
1.518000e+01	1.747620e-01	1.141780e+00	7.462560e-01
1.520000e+01	2.402960e-01	1.188650e+00	8.696340e-01
1.522000e+01	2.300640e-01	1.334470e+00	1.070950e+00
1.524000e+01	1.248940e-01	1.539630e+00	1.295650e+00
1.526000e+01	-9.200620e-02	1.715890e+00	1.405990e+00
1.528000e+01	-3.564460e-01	1.778630e+00	1.321820e+00
1.530000e+01	-6.186060e-01	1.677860e+00	1.106920e+00
1.532000e+01	-8.444260e-01	1.462840e+00	9.490460e-01
1.534000e+01	-1.001090e+00	1.176620e+00	8.585100e-01
1.536000e+01	-1.095780e+00	8.008200e-01	8.621720e-01
1.538000e+01	-1.168900e+00	3.883000e-01	9.558500e-01
1.540000e+01	-1.204630e+00	-6.841990e-02	9.752040e-01
1.542000e+01	-1.172340e+00	-5.590000e-01	9.832900e-01
1.544000e+01	-1.057680e+00	-1.008380e+00	9.673210e-01
1.546000e+01	-8.234980e-01	-1.382420e+00	9.040230e-01
1.548000e+01	-4.980980e-01	-1.752940e+00	8.051830e-01
1.550000e+01	-2.100980e-01	-2.041120e+00	6.180670e-01
1.552000e+01	8.741820e-03	-2.209870e+00	4.023470e-01
1.554000e+01	2.270020e-01	-2.241470e+00	2.141490e-01
1.556000e+01	3.917580e-01	-2.173670e+00	9.557520e-02
1.558000e+01	4.658580e-01	-2.093240e+00	4.156120e-02
1.560000e+01	4.944300e-01	-1.966900e+00	-2.740280e-02
1.562000e+01	5.531000e-01	-1.770200e+00	-1.192610e-01
1.564000e+01	6.826540e-01	-1.500200e+00	-2.335530e-01
1.566000e+01	8.478920e-01	-1.231720e+00	-3.325750e-01
1.568000e+01	1.008590e+00	-1.084800e+00	-4.519910e-01
1.570000e+01	1.134700e+00	-1.098490e+00	-6.783910e-01
1.572000e+01	1.259050e+00	-1.204650e+00	-9.287510e-01
1.574000e+01	1.332940e+00	-1.315410e+00	-1.082690e+00
1.576000e+01	1.342220e+00	-1.377020e+00	-1.090160e+00
1.578000e+01	1.334390e+00	-1.303990e+00	-9.629840e-01
1.580000e+01	1.342170e+00	-1.062650e+00	-7.360040e-01
1.582000e+01	1.394920e+00	-7.468120e-01	-4.810640e-01
1.584000e+01	1.485730e+00	-4.422520e-01	-3.172240e-01
1.586000e+01	1.637360e+00	-1.836720e-01	-2.352360e-01
1.588000e+01	1.763490e+00	-2.864780e-04	-1.471240e-01
1.590000e+01	1.775580e+00	9.480550e-02	4.143000e-02
1.592000e+01	1.663410e+00	2.321640e-01	2.883300e-01
1.594000e+01	1.392630e+00	4.764640e-01	4.489080e-01
1.596000e+01	1.007970e+00	6.860040e-01	4.744640e-01
1.598000e+01	6.649700e-01	7.695710e-01	3.928920e-01
1.600000e+01	4.635900e-01	7.121930e-01	2.703940e-01
1.602000e+01	3.820360e-01	5.692020e-01	1.760140e-01
1.604000e+01	3.067460e-01	4.263700e-01	4.387000e-02
1.606000e+01	1.609720e-01	2.838380e-01	-1.215160e-01
1.608000e+01	-1.342080e-01	1.406480e-01	-2.065120e-01
1.610000e+01	-5.382480e-01	9.705520e-03	-1.623680e-01
1.612000e+01	-9.318280e-01	-1.271800e-01	-4.572000e-02
1.614000e+01	-1.240390e+00	-2.716300e-01	1.721600e-02
1.616000e+01	-1.442390e+00	-4.149200e-01	3.306280e-02
1.618000e+01	-1.593850e+00	-5.308920e-01	6.213680e-02
1.620000e+01	-1.699300e+00	-6.386380e-01	1.368390e-01
1.622000e+01	-1.717220e+00	-7.564300e-01	2.469450e-01
1.624000e+01	-1.656970e+00	-8.950740e-01	2.397190e-01
1.626000e+01	-1.518810e+00	-1.080770e+00	7.053320e-02
1.628000e+01	-1.301550e+00	-1.303490e+00	-1.684870e-01
1.630000e+01	-1.011870e+00	-1.467870e+00	-4.288670e-01
1.632000e+01	-6.324470e-01	-1.482460e+00	-6.739070e-01
1.634000e+01	-2.814070e-01	-1.370570e+00	-8.508030e-01
1.636000e+01	-6.148700e-02	-1.228540e+00	-1.012150e+00
1.638000e+01	3.967500e-02	-1.124310e+00	-1.239490e+00
1.640000e+01	1.009310e-01	-9.993500e-01	-1.404080e+00
1.642000e+01	1.310270e-01	-8.662420e-01	-1.399160e+00
1.644000e+01	1.381890e-01	-7.176040e-01	-1.306450e+00
1.646000e+01	2.104710e-01	-5.804120e-01	-1.250510e+00
1.648000e+01	3.610010e-01	-5.594900e-01	-1.284230e+00
1.650000e+01	5.366870e-01	-6.352080e-01	-1.309150e+00
1.652000e+01	7.328070e-01	-6.875920e-01	-1.259950e+00
1.654000e+01	9.145190e-01	-7.318900e-01	-1.204100e+00
1.656000e+01	1.087730e+00	-8.312620e-01	-1.098240e+00
1.658000e+01	1.207320e+00	-9.968340e-01	-9.615250e-01
1.660000e+01	1.239520e+00	-1.185100e+00	-8.021330e-01
1.662000e+01	1.199660e+00	-1.341450e+00	-7.055590e-01
1.664000e+01	1.122630e+00	-1.392770e+00	-7.294590e-01
1.666000e+01	1.070700e+00	-1.280000e+00	-7.385520e-01
1.668000e+01	1.006940e+00	-1.079180e+00	-6.580900e-01
1.670000e+01	9.167830e-01	-8.616560e-01	-5.083440e-01
1.672000e+01	7.918650e-01	-6.486760e-01	-3.641020e-01
1.674000e+01	6.776950e-01	-4.943080e-01	-2.072920e-01
1.676000e+01	4.927810e-01	-3.965740e-01	-6.531970e-03
1.678000e+01	2.888210e-01	-2.858320e-01	1.840800e-01
1.680000e+01	1.457930e-01	-1.652220e-01	3.357880e-01
1.682000e+01	-3.235720e-02	-1.155760e-01	4.846340e-01
1.684000e+01	-2.428370e-01	-1.886660e-01	6.007620e-01
1.686000e+01	-4.778370e-01	-3.273360e-01	5.624940e-01
1.688000e+01	-7.030570e-01	-4.856600e-01	4.162780e-01
1.690000e+01	-9.388770e-01	-5.695580e-01	2.757240e-01
1.692000e+01	-1.168140e+00	-5.503920e-01	1.883220e-01
1.694000e+01	-1.349490e+00	-3.946000e-01	1.448280e-01
1.696000e+01	-1.485680e+00	-2.171140e-01	7.363600e-02
1.698000e+01	-1.552500e+00	-1.041880e-01	-2.331200e-02
1.700000e+01	-1.553110e+00	1.033740e-03	-1.424940e-01
1.702000e+01	-1.450620e+00	1.235880e-01	-2.606560e-01
1.704000e+01	-1.271750e+00	2.921700e-01	-3.630880e-01
1.706000e+01	-1.111720e+00	4.385800e-01	-4.958180e-01
1.708000e+01	-1.044810e+00	5.917540e-01	-6.177840e-01
1.710000e+01	-1.059980e+00	7.990940e-01	-6.627420e-01
1.712000e+01	-1.046620e+00	1.054490e+00	-6.714370e-01
1.714000e+01	-9.566430e-01	1.338410e+00	-7.308830e-01
1.716000e+01	-7.540430e-01	1.571250e+00	-7.689570e-01
1.718000e+01	-5.534230e-01	1.732120e+00	-7.118110e-01
1.720000e+01	-4.440730e-01	1.858000e+00	-6.428570e-01
1.722000e+01	-3.799710e-01	1.972950e+00	-6.403250e-01
1.724000e+01	-3.589370e-01	2.108700e+00	-6.673110e-01
1.726000e+01	-3.403440e-01	2.280290e+00	-6.439670e-01
1.728000e+01	-2.963760e-01	2.461750e+00	-5.848210e-01
1.730000e+01	-2.371580e-01	2.602140e+00	-5.254550e-01
1.732000e+01	-1.924480e-01	2.628690e+00	-5.175200e-01
1.734000e+01	-2.364320e-01	2.462830e+00	-5.588960e-01
1.736000e+01	-3.755960e-01	2.132350e+00	-5.314520e-01
1.738000e+01	-5.654520e-01	1.695770e+00	-3.506520e-01
1.740000e+01	-7.407600e-01	1.324770e+00	-5.113180e-02
1.742000e+01	-7.895100e-01	1.062050e+00	2.446680e-01
1.744000e+01	-7.729200e-01	8.166920e-01	4.859480e-01
1.746000e+01	-6.930500e-01	5.429920e-01	6.678720e-01
1.748000e+01	-5.529620e-01	1.806520e-01	7.545980e-01
1.750000e+01	-3.966840e-01	-1.900680e-01	7.544490e-01
1.752000e+01	-2.456080e-01	-4.605480e-01	7.360680e-01
1.754000e+01	-1.005160e-01	-5.950480e-01	7.109620e-01
1.756000e+01	1.636000e-02	-6.217620e-01	6.992050e-01
1.758000e+01	5.278600e-02	-5.767900e-01	7.399610e-01
1.760000e+01	6.923920e-02	-4.943340e-01	7.537400e-01
1.762000e+01	8.931520e-02	-4.573260e-01	7.305160e-01
1.764000e+01	1.254990e-01	-5.118540e-01	6.522980e-01
1.766000e+01	1.907410e-01	-6.380260e-01	5.411980e-01
1.768000e+01	2.700330e-01	-7.529120e-01	4.652800e-01
1.770000e+01	3.243910e-01	-7.840880e-01	4.374120e-01
1.772000e+01	3.167710e-01	-6.978920e-01	4.128660e-01
1.774000e+01	2.572570e-01	-4.463720e-01	3.059280e-01
1.776000e+01	1.814330e-01	-1.330120e-01	1.886420e-01
1.778000e+01	1.299830e-01	2.228880e-01	1.541080e-01
1.780000e+01	1.691290e-01	6.338480e-01	2.290200e-01
1.782000e+01	2.788190e-01	9.581880e-01	3.387160e-01
1.784000e+01	4.012390e-01	1.222930e+00	4.025640e-01
1.786000e+01	4.646430e-01	1.392680e+00	3.860830e-01
1.788000e+01	4.273450e-01	1.453490e+00	2.807670e-01
1.790000e+01	3.148990e-01	1.408620e+00	1.693050e-01
1.792000e+01	2.240670e-01	1.337200e+00	1.249230e-01
1.794000e+01	1.453030e-01	1.318120e+00	1.723190e-01
1.796000e+01	7.962480e-02	1.364860e+00	2.784310e-01
1.798000e+01	1.118680e-02	1.472240e+00	4.006530e-01
1.800000e+01	-7.738520e-02	1.535550e+00	4.970790e-01
1.802000e+01	-1.325750e-01	1.485210e+00	6.385930e-01
1.804000e+01	-1.485820e-01	1.328850e+00	7.544930e-01
1.806000e+01	-1.316680e-01	1.099810e+00	7.998290e-01
1.808000e+01	-1.467730e-01	7.956910e-01	8.151650e-01
1.810000e+01	-2.303010e-01	5.276510e-01	8.138310e-01
1.812000e+01	-3.130290e-01	3.823910e-01	8.466770e-01
1.814000e+01	-3.022590e-01	3.307690e-01	9.616350e-01
1.816000e+01	-2.285290e-01	2.586550e-01	1.096950e+00
1.818000e+01	-1.645650e-01	1.040110e-01	1.141520e+00
1.820000e+01	-1.705030e-01	-1.130290e-01	1.164310e+00
1.822000e+01	-2.392010e-01	-3.257690e-01	1.190350e+00
1.824000e+01	-2.972930e-01	-4.496770e-01	1.222540e+00
1.826000e+01	-2.904850e-01	-4.404630e-01	1.197850e+00
1.828000e+01	-2.515770e-01	-3.417930e-01	1.169000e+00
1.830000e+01	-2.008810e-01	-2.224890e-01	1.215370e+00
1.832000e+01	-1.075990e-01	-1.132710e-01	1.249920e+00
1.834000e+01	2.238680e-02	-2.804690e-02	1.171040e+00
1.836000e+01	1.649610e-01	2.557910e-02	9.582810e-01
1.838000e+01	2.489990e-01	1.510510e-02	7.536410e-01
1.840000e+01	2.762230e-01	-7.363690e-02	6.402750e-01
1.842000e+01	2.975430e-01	-1.595790e-01	5.816430e-01
1.844000e+01	2.974890e-01	-2.063970e-01	5.456850e-01
1.846000e+01	2.360370e-01	-2.183930e-01	5.220150e-01
1.848000e+01	1.212530e-01	-2.391150e-01	5.200800e-01
1.850000e+01	-4.738540e-03	-2.801310e-01	5.017540e-01
1.852000e+01	-9.809050e-02	-2.649120e-01	3.864300e-01
1.854000e+01	-1.410730e-01	-1.747460e-01	2.029820e-01
1.856000e+01	-1.439090e-01	-5.636030e-02	4.899040e-02
1.858000e+01	-1.326770e-01	-1.216030e-02	-2.090960e-02
1.860000e+01	-1.246870e-01	-6.189830e-02	-4.728160e-02
1.862000e+01	-1.014470e-01	-1.495600e-01	-6.130600e-02
1.864000e+01	-9.237430e-02	-2.298980e-01	-5.341720e-02
1.866000e+01	-1.575880e-01	-2.919260e-01	-2.161320e-02
1.868000e+01	-2.934660e-01	-3.359420e-01	1.831680e-02
1.870000e+01	-4.240820e-01	-3.936080e-01	1.255820e-02
1.872000e+01	-5.409480e-01	-4.356240e-01	-2.790180e-02
1.874000e+01	-6.384220e-01	-4.873460e-01	-1.048660e-01
1.876000e+01	-7.336960e-01	-5.412300e-01	-1.510720e-01
1.878000e+01	-8.237260e-01	-5.664560e-01	-1.703600e-01
1.880000e+01	-8.583220e-01	-5.420920e-01	-1.743990e-01
1.882000e+01	-8.704250e-01	-4.665160e-01	-1.533030e-01
1.884000e+01	-8.629350e-01	-3.620220e-01	-1.267430e-01
1.886000e+01	-8.376930e-01	-2.850820e-01	-1.454500e-01
1.888000e+01	-8.176750e-01	-3.124280e-01	-2.033020e-01
1.890000e+01	-8.045410e-01	-3.979900e-01	-1.813840e-01
1.892000e+01	-8.133800e-01	-4.503520e-01	-1.112760e-01
1.894000e+01	-8.681080e-01	-4.488210e-01	-6.434240e-02
1.896000e+01	-9.129120e-01	-4.663020e-01	-1.199120e-01
1.898000e+01	-8.706620e-01	-5.455800e-01	-2.429640e-01
1.900000e+01	-7.314720e-01	-6.264420e-01	-3.580520e-01
1.902000e+01	-4.726120e-01	-6.346980e-01	-4.532080e-01
1.904000e+01	-2.104320e-01	-5.862000e-01	-5.572700e-01
1.906000e+01	-9.991940e-03	-5.415040e-01	-6.462840e-01
1.908000e+01	9.102010e-02	-5.186200e-01	-6.708380e-01
1.910000e+01	7.001610e-02	-5.123070e-01	-6.289300e-01
1.912000e+01	1.665010e-02	-5.054540e-01	-5.772560e-01
1.914000e+01	-6.317940e-03	-5.145300e-01	-6.005660e-01
1.916000e+01	4.420010e-02	-5.934300e-01	-6.880780e-01
1.918000e+01	1.712860e-01	-7.303660e-01	-7.077490e-01
1.920000e+01	3.552280e-01	-8.619800e-01	-6.740050e-01
1.922000e+01	5.326860e-01	-9.233700e-01	-6.814670e-01
1.924000e+01	6.748020e-01	-9.179200e-01	-7.471450e-01
1.926000e+01	7.704500e-01	-8.576160e-01	-8.252910e-01
1.928000e+01	8.618560e-01	-8.074580e-01	-8.968330e-01
1.930000e+01	9.686900e-01	-7.840160e-01	-9.281510e-01
1.932000e+01	1.094040e+00	-7.591940e-01	-8.728570e-01
1.934000e+01	1.196770e+00	-7.586870e-01	-7.593250e-01
1.936000e+01	1.203830e+00	-7.696280e-01	-6.858370e-01
1.938000e+01	1.120910e+00	-7.750850e-01	-6.866560e-01
1.940000e+01	9.618370e-01	-7.539470e-01	-6.588580e-01
1.942000e+01	7.769910e-01	-6.897830e-01	-5.636180e-01
1.944000e+01	6.137370e-01	-5.811310e-01	-4.125640e-01
1.946000e+01	5.533070e-01	-4.558470e-01	-3.115600e-01
1.948000e+01	5.933210e-01	-3.832950e-01	-2.538620e-01
1.950000e+01	5.284310e-01	-3.745240e-01	-1.528780e-01
1.952000e+01	3.495690e-01	-4.355560e-01	-2.965790e-02
1.954000e+01	2.110310e-01	-5.282080e-01	5.559810e-02
1.956000e+01	1.663110e-01	-6.109160e-01	9.840810e-02
1.958000e+01	1.709420e-01	-6.505180e-01	1.435980e-01
1.960000e+01	1.513790e-01	-6.029860e-01	1.807240e-01
1.962000e+01	8.730670e-02	-4.754640e-01	1.649570e-01
1.964000e+01	4.152470e-02	-3.110800e-01	1.267350e-01
1.966000e+01	4.647490e-02	-1.641060e-01	8.142910e-02
1.968000e+01	1.344570e-01	-3.934580e-02	-2.260880e-03
1.970000e+01	2.993070e-01	8.571420e-02	-5.165090e-02
1.972000e+01	4.598550e-01	1.981260e-01	-6.197590e-02
1.974000e+01	5.971490e-01	3.079760e-01	-1.135260e-01
1.976000e+01	6.869150e-01	4.179260e-01	-2.281560e-01
1.978000e+01	7.067770e-01	5.351620e-01	-3.489900e-01
1.980000e+01	7.276190e-01	5.819140e-01	-4.540140e-01
1.982000e+01	7.885270e-01	5.283240e-01	-5.305220e-01
1.984000e+01	8.269010e-01	4.327660e-01	-5.626820e-01
1.986000e+01	8.276330e-01	3.418900e-01	-5.675850e-01
1.988000e+01	7.667470e-01	2.463320e-01	-5.774100e-01
1.990000e+01	6.303330e-01	1.003820e-01	-5.981430e-01
1.992000e+01	4.582770e-01	-5.675580e-02	-6.316820e-01
1.994000e+01	2.882610e-01	-1.441320e-01	-6.637620e-01
1.996000e+01	1.694570e-01	-1.236820e-01	-6.490340e-01
1.998000e+01	8.001080e-02	-2.906580e-02	-5.561360e-01
2.000000e+01	2.410480e-02	1.169420e-01	-4.639780e-01
2.002000e+01	-2.883240e-03	2.419980e-01	-4.369000e-01
2.004000e+01	-2.572920e-02	2.983720e-01	-4.604140e-01
2.006000e+01	1.936760e-03	2.417560e-01	-4.924340e-01
2.008000e+01	8.233680e-02	1.354460e-01	-5.183700e-01
2.010000e+01	1.710810e-01	5.567220e-02	-5.438460e-01
2.012000e+01	2.450370e-01	9.288820e-02	-5.699020e-01
2.014000e+01	2.409660e-01	2.233040e-01	-6.207940e-01
2.016000e+01	1.391140e-01	3.268440e-01	-6.397090e-01
2.018000e+01	-8.588440e-03	4.375080e-01	-5.118930e-01
2.020000e+01	-1.040380e-01	5.460100e-01	-2.382730e-01
2.022000e+01	-6.678640e-02	6.226940e-01	6.656710e-02
2.024000e+01	2.557960e-02	6.598340e-01	3.423070e-01
2.026000e+01	1.247720e-01	6.162640e-01	5.467470e-01
2.028000e+01	2.179600e-01	4.765740e-01	6.695850e-01
2.030000e+01	2.582960e-01	2.461540e-01	7.523390e-01
2.032000e+01	2.363140e-01	1.065420e-02	7.894250e-01
2.034000e+01	1.652220e-01	-1.899860e-01	7.549450e-01
2.036000e+01	4.766160e-02	-3.818540e-01	6.762370e-01
2.038000e+01	-1.060420e-01	-5.509700e-01	6.083750e-01
2.040000e+01	-2.318100e-01	-6.783420e-01	5.941860e-01
2.042000e+01	-2.948200e-01	-7.155380e-01	5.865810e-01
2.044000e+01	-2.953310e-01	-6.487500e-01	5.986090e-01
2.046000e+01	-2.756890e-01	-5.189000e-01	5.933460e-01
2.048000e+01	-2.890470e-01	-4.150260e-01	5.675700e-01
2.050000e+01	-3.157130e-01	-3.134360e-01	5.447360e-01
2.052000e+01	-3.318120e-01	-2.034400e-01	5.060920e-01
2.054000e+01	-3.461510e-01	-5.401980e-02	4.894020e-01
2.056000e+01	-3.294100e-01	6.880420e-02	4.176580e-01
2.058000e+01	-2.821900e-01	1.417560e-01	2.792120e-01
2.060000e+01	-2.420340e-01	1.756440e-01	1.028620e-01
2.062000e+01	-2.147060e-01	1.180740e-01	-7.410810e-02
2.064000e+01	-1.845960e-01	3.230620e-02	-2.008880e-01
2.066000e+01	-1.512040e-01	-2.594580e-02	-3.101160e-01
2.068000e+01	-1.448890e-01	-3.472760e-02	-3.556460e-01
2.070000e+01	-1.826210e-01	-4.941340e-02	-3.698360e-01
2.072000e+01	-2.568350e-01	-3.904420e-02	-3.836850e-01
2.074000e+01	-3.115770e-01	-4.720680e-02	-3.498650e-01
2.076000e+01	-3.304970e-01	-7.696280e-02	-3.423820e-01
2.078000e+01	-3.313870e-01	-9.911480e-02	-3.594530e-01
2.080000e+01	-3.363990e-01	-1.049580e-01	-3.837490e-01
2.082000e+01	-3.324250e-01	-1.084800e-01	-3.711220e-01
2.084000e+01	-3.070590e-01	-9.471180e-02	-3.365620e-01
2.086000e+01	-2.659430e-01	-4.560180e-02	-2.978380e-01
2.088000e+01	-2.316290e-01	2.259820e-02	-2.892340e-01
2.090000e+01	-2.301360e-01	8.769620e-02	-2.998010e-01
2.092000e+01	-2.655260e-01	1.525140e-01	-3.273990e-01
2.094000e+01	-3.099020e-01	2.285780e-01	-3.656050e-01
2.096000e+01	-3.115120e-01	2.934360e-01	-3.129950e-01
2.098000e+01	-3.003530e-01	3.244120e-01	-1.560390e-01
2.100000e+01	-3.115080e-01	3.071380e-01	1.132310e-02
2.102000e+01	-3.533620e-01	2.392720e-01	1.075010e-01
2.104000e+01	-4.168500e-01	8.925420e-02	2.092230e-01
2.106000e+01	-4.839400e-01	-1.024500e-01	3.944770e-01
2.108000e+01	-5.148480e-01	-2.904940e-01	6.213770e-01
2.110000e+01	-5.041500e-01	-4.453380e-01	7.401710e-01
2.112000e+01	-4.545880e-01	-5.344020e-01	7.492170e-01
2.114000e+01	-4.080880e-01	-5.218030e-01	6.943430e-01
2.116000e+01	-4.013320e-01	-4.580930e-01	6.969250e-01
2.118000e+01	-4.237740e-01	-3.177570e-01	7.035480e-01
2.120000e+01	-4.533600e-01	-1.387170e-01	6.581400e-01
2.122000e+01	-4.660960e-01	1.943060e-02	5.989620e-01
2.124000e+01	-4.741880e-01	1.249450e-01	5.348220e-01
2.126000e+01	-5.043340e-01	1.894530e-01	5.305390e-01
2.128000e+01	-5.580770e-01	2.108750e-01	5.071030e-01
2.130000e+01	-5.935460e-01	1.798230e-01	4.558110e-01
2.132000e+01	-6.360000e-01	1.441070e-01	3.824250e-01
2.134000e+01	-6.608840e-01	1.225190e-01	2.990530e-01
2.136000e+01	-6.787640e-01	1.799190e-01	2.339710e-01
2.138000e+01	-6.561180e-01	2.746210e-01	1.793750e-01
2.140000e+01	-6.335520e-01	4.072270e-01	1.378270e-01
2.142000e+01	-6.285960e-01	4.998890e-01	1.386860e-01
2.144000e+01	-6.161570e-01	5.357150e-01	1.332610e-01
2.146000e+01	-5.743590e-01	4.761610e-01	8.386940e-02
2.148000e+01	-4.648590e-01	3.233490e-01	4.054140e-02
2.150000e+01	-3.344270e-01	1.433990e-01	4.096050e-02
2.152000e+01	-1.770770e-01	2.168260e-02	2.897210e-02
2.154000e+01	-3.665690e-02	4.035260e-02	-3.426790e-02
2.156000e+01	3.213910e-02	1.500790e-01	-1.007900e-01
2.158000e+01	3.399380e-02	3.152390e-01	-1.409160e-01
2.160000e+01	-1.756220e-03	4.558050e-01	-1.532450e-01
2.162000e+01	-3.062020e-02	5.121790e-01	-1.733190e-01
2.164000e+01	-1.585840e-02	4.802370e-01	-1.924730e-01
2.166000e+01	7.149590e-03	3.754690e-01	-1.581530e-01
2.168000e+01	4.882760e-02	2.795450e-01	-8.789130e-02
2.170000e+01	9.709160e-02	2.429570e-01	-1.378730e-02
2.172000e+01	1.394520e-01	2.741490e-01	7.470660e-02
2.174000e+01	1.785500e-01	3.611770e-01	1.654030e-01
2.176000e+01	1.710790e-01	4.395590e-01	2.334850e-01
2.178000e+01	1.160990e-01	5.176190e-01	2.555370e-01
2.180000e+01	5.143280e-02	5.821110e-01	2.277990e-01
2.182000e+01	-5.309220e-03	6.175430e-01	1.764270e-01
2.184000e+01	-1.702360e-02	6.356640e-01	1.136470e-01
2.186000e+01	-1.440820e-03	6.347130e-01	3.391660e-02
2.188000e+01	1.248100e-02	6.068050e-01	-5.269350e-03
2.190000e+01	4.087300e-02	5.686890e-01	-9.733550e-03
2.192000e+01	3.418260e-02	5.336750e-01	2.979040e-02
2.194000e+01	-1.033140e-02	5.168310e-01	5.134240e-02
2.196000e+01	-1.972440e-02	4.956830e-01	6.615020e-02
2.198000e+01	2.149360e-02	4.961690e-01	1.039520e-01
2.200000e+01	1.228900e-01	4.864480e-01	1.064330e-01
2.202000e+01	2.872860e-01	4.498500e-01	8.788060e-02
2.204000e+01	4.491800e-01	3.819520e-01	2.564060e-02
2.206000e+01	6.198000e-01	2.753880e-01	-3.267730e-02
2.208000e+01	7.684680e-01	1.569760e-01	-4.182450e-02
2.210000e+01	8.678240e-01	3.471970e-02	-5.383310e-02
2.212000e+01	8.970180e-01	-5.925830e-02	-8.805510e-02
2.214000e+01	8.992740e-01	-1.343060e-01	-9.970400e-02
2.216000e+01	9.305080e-01	-2.370720e-01	-8.319540e-02
2.218000e+01	9.799340e-01	-3.455620e-01	-5.043730e-02
2.220000e+01	1.007790e+00	-4.286780e-01	-1.929350e-03
2.222000e+01	1.007540e+00	-4.538780e-01	3.033060e-02
2.224000e+01	9.965490e-01	-3.784980e-01	5.302460e-02
2.226000e+01	9.435710e-01	-2.195660e-01	6.068840e-02
2.228000e+01	8.611350e-01	-6.781830e-02	3.032840e-02
2.230000e+01	7.823210e-01	2.361170e-02	7.332450e-03
2.232000e+01	7.206970e-01	5.840570e-02	1.535620e-02
2.234000e+01	6.872310e-01	5.573630e-02	2.806320e-02
2.236000e+01	6.621890e-01	4.378050e-02	-1.800480e-02
2.238000e+01	6.342050e-01	1.891650e-02	-9.353270e-02
2.240000e+01	6.014790e-01	-3.826950e-02	-1.616370e-01
2.242000e+01	5.604690e-01	-1.374220e-01	-1.842130e-01
2.244000e+01	5.448140e-01	-2.327540e-01	-1.781100e-01
2.246000e+01	5.313200e-01	-3.035520e-01	-1.950020e-01
2.248000e+01	5.354570e-01	-3.401280e-01	-1.822350e-01
2.250000e+01	5.083350e-01	-3.438050e-01	-1.646450e-01
2.252000e+01	4.616010e-01	-3.050370e-01	-1.653470e-01
2.254000e+01	4.607750e-01	-2.547410e-01	-1.652280e-01
2.256000e+01	4.920090e-01	-2.001230e-01	-1.689510e-01
2.258000e+01	5.153590e-01	-1.590950e-01	-1.728750e-01
2.260000e+01	5.162950e-01	-1.611740e-01	-2.159630e-01
2.262000e+01	4.796070e-01	-2.063800e-01	-2.645950e-01
2.264000e+01	4.503230e-01	-2.483660e-01	-2.374210e-01
2.266000e+01	4.564820e-01	-2.987780e-01	-1.490270e-01
2.268000e+01	4.436290e-01	-3.965800e-01	-6.593660e-02
2.270000e+01	4.503680e-01	-4.680880e-01	-3.291660e-02
2.272000e+01	4.597700e-01	-4.538230e-01	-6.665860e-02
2.274000e+01	4.560430e-01	-3.510450e-01	-9.445660e-02
2.276000e+01	4.026450e-01	-2.121450e-01	-5.711460e-02
2.278000e+01	3.176470e-01	-1.204530e-02	-2.840630e-03
2.280000e+01	2.774370e-01	1.935150e-01	9.246570e-03
2.282000e+01	2.594410e-01	3.191470e-01	1.941220e-02
2.284000e+01	2.685220e-01	3.457170e-01	4.404620e-02
2.286000e+01	3.017580e-01	2.727450e-01	4.694780e-02
2.288000e+01	3.079180e-01	1.343110e-01	8.783770e-03
2.290000e+01	2.367300e-01	-4.248930e-02	-7.230620e-02
2.292000e+01	1.153520e-01	-1.718610e-01	-1.239380e-01
2.294000e+01	-3.818770e-02	-1.705540e-01	-1.563000e-01
2.296000e+01	-1.704740e-01	-8.623610e-02	-1.894820e-01
2.298000e+01	-2.832080e-01	1.533180e-02	-2.067740e-01
2.300000e+01	-4.391500e-01	1.435560e-01	-2.064950e-01
2.302000e+01	-5.813440e-01	2.707200e-01	-2.098780e-01
2.304000e+01	-6.504140e-01	4.037080e-01	-2.327920e-01
2.306000e+01	-6.611250e-01	5.371140e-01	-2.097180e-01
2.308000e+01	-6.727180e-01	6.417820e-01	-1.810400e-01
2.310000e+01	-7.086260e-01	7.136300e-01	-1.934280e-01
2.312000e+01	-7.480160e-01	7.713680e-01	-1.579460e-01
2.314000e+01	-7.817820e-01	8.075520e-01	-1.065340e-01
2.316000e+01	-8.332180e-01	7.742120e-01	-6.790980e-02
2.318000e+01	-8.838140e-01	7.111920e-01	-6.092560e-02
2.320000e+01	-9.359100e-01	6.098280e-01	-1.039720e-01
2.322000e+01	-9.921900e-01	4.695980e-01	-1.252460e-01
2.324000e+01	-1.012030e+00	3.301080e-01	-1.079750e-01
2.326000e+01	-9.883370e-01	2.177340e-01	-1.136790e-01
2.328000e+01	-9.566630e-01	1.415600e-01	-1.518430e-01
2.330000e+01	-9.232070e-01	7.739380e-02	-1.596890e-01
2.332000e+01	-8.983570e-01	3.385980e-02	-1.494230e-01
2.334000e+01	-8.421070e-01	-2.514420e-02	-1.229670e-01
2.336000e+01	-7.577590e-01	-1.084440e-01	-7.897880e-02
2.338000e+01	-6.910410e-01	-2.107580e-01	-4.992080e-02
2.340000e+01	-6.276650e-01	-3.264800e-01	-4.809950e-02
2.342000e+01	-5.582850e-01	-4.252540e-01	-6.264850e-02
2.344000e+01	-5.425980e-01	-4.870860e-01	-6.663130e-02
2.346000e+01	-5.838060e-01	-4.940450e-01	-2.410530e-02
2.348000e+01	-6.345600e-01	-4.785100e-01	5.670470e-02
2.350000e+01	-6.914400e-01	-4.430440e-01	1.468410e-01
2.352000e+01	-7.070940e-01	-3.857840e-01	2.265110e-01
2.354000e+01	-7.216870e-01	-3.607060e-01	2.862290e-01
2.356000e+01	-7.194100e-01	-3.626640e-01	3.320190e-01
2.358000e+01	-6.832920e-01	-4.077500e-01	3.352820e-01
2.360000e+01	-6.486540e-01	-4.314040e-01	3.117680e-01
2.362000e+01	-6.208200e-01	-4.385490e-01	2.348020e-01
2.364000e+01	-5.923860e-01	-4.286650e-01	1.157300e-01
2.366000e+01	-5.370740e-01	-4.029110e-01	-7.666290e-03
2.368000e+01	-4.916280e-01	-4.145810e-01	-1.149320e-01
2.370000e+01	-4.781020e-01	-4.384190e-01	-1.719680e-01
2.372000e+01	-4.980570e-01	-4.372230e-01	-2.063100e-01
2.374000e+01	-5.292590e-01	-4.178370e-01	-2.164970e-01
2.376000e+01	-5.882390e-01	-4.058360e-01	-1.749510e-01
2.378000e+01	-6.853010e-01	-3.794880e-01	-1.047270e-01
2.380000e+01	-7.885670e-01	-3.293860e-01	-2.057470e-02
2.382000e+01	-9.117670e-01	-2.516060e-01	6.263730e-02
2.384000e+01	-1.037050e+00	-2.296020e-01	1.472510e-01
2.386000e+01	-1.119300e+00	-2.446420e-01	1.975230e-01
2.388000e+01	-1.136860e+00	-2.808960e-01	2.248810e-01
2.390000e+01	-1.111390e+00	-3.423260e-01	2.379910e-01
2.392000e+01	-1.053210e+00	-3.862260e-01	1.960670e-01
2.394000e+01	-1.006190e+00	-4.075740e-01	1.162390e-01
2.396000e+01	-9.465740e-01	-4.086900e-01	3.865090e-02
2.398000e+01	-8.566020e-01	-3.688220e-01	3.869200e-04
2.400000e+01	-7.685500e-01	-2.653560e-01	8.532720e-03
2.402000e+01	-6.882620e-01	-1.434980e-01	4.211120e-03
2.404000e+01	-6.245460e-01	-4.107210e-02	-2.134290e-02
2.406000e+01	-5.577280e-01	-3.166080e-03	-7.833480e-03
2.408000e+01	-5.076000e-01	-3.206410e-02	2.985050e-02
2.410000e+01	-4.677580e-01	-8.948010e-02	6.241250e-02
2.412000e+01	-4.256740e-01	-1.311880e-01	8.238650e-02
2.414000e+01	-3.696020e-01	-1.401560e-01	7.976650e-02
2.416000e+01	-2.666200e-01	-1.654760e-01	7.786670e-02
2.418000e+01	-1.444860e-01	-1.690430e-01	7.024330e-02
2.420000e+01	-2.535430e-02	-1.596030e-01	5.633590e-02
2.422000e+01	7.556570e-02	-1.920290e-01	4.717150e-02
2.424000e+01	1.934780e-01	-2.704450e-01	3.806710e-02
2.426000e+01	3.126500e-01	-3.174030e-01	3.550690e-02
2.428000e+01	4.285400e-01	-3.135300e-01	3.300650e-02
2.430000e+01	5.371660e-01	-3.038950e-01	6.422650e-02
2.432000e+01	6.006660e-01	-2.699650e-01	9.752850e-02
2.434000e+01	6.520560e-01	-2.113810e-01	1.229470e-01
2.436000e+01	6.861560e-01	-1.787930e-01	1.539070e-01
2.438000e+01	7.132920e-01	-1.435250e-01	1.858490e-01
2.440000e+01	7.550980e-01	-9.194670e-02	2.247350e-01
2.442000e+01	8.005660e-01	-2.740270e-02	2.540950e-01
2.444000e+01	8.011060e-01	7.338330e-02	2.402880e-01
2.446000e+01	8.058280e-01	1.657630e-01	2.452940e-01
2.448000e+01	8.034270e-01	2.726710e-01	2.706720e-01
2.450000e+01	7.690250e-01	3.767970e-01	3.159620e-01
2.452000e+01	7.210150e-01	4.932090e-01	3.390400e-01
2.454000e+01	6.525510e-01	6.024370e-01	3.195700e-01
2.456000e+01	6.344580e-01	6.311150e-01	3.002810e-01
2.458000e+01	6.622340e-01	6.293130e-01	2.804910e-01
2.460000e+01	6.317360e-01	6.195040e-01	2.735890e-01
2.462000e+01	5.767220e-01	6.299270e-01	2.674880e-01
2.464000e+01	5.268300e-01	6.504950e-01	2.912260e-01
2.466000e+01	4.876040e-01	6.719830e-01	2.908480e-01
2.468000e+01	4.887650e-01	6.674150e-01	2.598720e-01
2.470000e+01	4.772570e-01	6.354490e-01	2.467870e-01
2.472000e+01	4.646690e-01	5.820690e-01	2.308200e-01
2.474000e+01	4.206610e-01	4.976890e-01	2.155940e-01
2.476000e+01	3.676470e-01	4.138270e-01	1.927420e-01
2.478000e+01	3.123130e-01	3.232390e-01	1.680100e-01
2.480000e+01	2.400870e-01	2.981110e-01	1.521430e-01
2.482000e+01	1.637790e-01	3.132870e-01	1.367960e-01
2.484000e+01	1.099650e-01	3.675070e-01	1.150060e-01
2.486000e+01	6.685740e-02	4.254890e-01	9.283590e-02
2.488000e+01	3.595740e-02	4.403040e-01	7.192590e-02
2.490000e+01	2.422960e-02	3.939000e-01	4.599390e-02
2.492000e+01	2.515620e-03	3.156560e-01	2.808590e-02
2.494000e+01	9.759420e-03	2.435540e-01	7.275940e-03
2.496000e+01	2.921080e-02	1.496560e-01	1.498370e-02
2.498000e+01	7.972080e-02	6.922610e-02	4.040370e-02
2.500000e+01	1.434010e-01	5.799790e-02	7.658970e-02
2.502000e+01	1.922510e-01	7.748830e-02	1.243840e-01
2.504000e+01	2.350970e-01	1.047220e-01	1.434000e-01
2.506000e+01	2.890110e-01	1.149660e-01	8.710990e-02
2.508000e+01	3.747850e-01	8.716610e-02	7.483940e-03
2.510000e+01	4.242770e-01	1.297610e-02	-7.530410e-02
2.512000e+01	5.144930e-01	-5.100990e-02	-1.469860e-01
2.514000e+01	6.069330e-01	-7.248990e-02	-2.150860e-01
2.516000e+01	6.118980e-01	-1.127020e-01	-2.304730e-01
2.518000e+01	5.443380e-01	-1.535360e-01	-2.052550e-01
2.520000e+01	4.746960e-01	-1.747980e-01	-2.065730e-01
2.522000e+01	4.056540e-01	-1.660020e-01	-1.953020e-01
2.524000e+01	3.667700e-01	-1.858440e-01	-1.746660e-01
2.526000e+01	3.719340e-01	-2.198560e-01	-1.247520e-01
2.528000e+01	3.858830e-01	-2.641360e-01	-8.358220e-02
2.530000e+01	4.362150e-01	-3.162420e-01	-4.807620e-02
2.532000e+01	4.769810e-01	-3.492780e-01	-3.176140e-02
2.534000e+01	5.449850e-01	-3.430300e-01	-3.239700e-02
2.536000e+01	6.042230e-01	-3.264570e-01	-3.705500e-02
2.538000e+01	6.672830e-01	-2.946950e-01	-5.097900e-02
2.540000e+01	7.127730e-01	-2.240490e-01	-6.564340e-02
2.542000e+01	7.451550e-01	-1.266470e-01	-8.505080e-02
2.544000e+01	7.267660e-01	1.908510e-02	-1.080210e-01
2.546000e+01	6.758760e-01	1.824070e-01	-1.453190e-01
2.548000e+01	6.462600e-01	2.869130e-01	-1.821370e-01
2.550000e+01	6.144020e-01	2.530130e-01	-2.086490e-01
2.552000e+01	6.148850e-01	1.473470e-01	-2.340210e-01
2.554000e+01	6.113650e-01	2.154710e-02	-2.507270e-01
2.556000e+01	6.410650e-01	-1.015130e-01	-2.898070e-01
2.558000e+01	6.953210e-01	-1.923150e-01	-3.336690e-01
2.560000e+01	7.243830e-01	-2.530390e-01	-3.601610e-01
2.562000e+01	7.313100e-01	-3.010550e-01	-3.965590e-01
2.564000e+01	6.876660e-01	-3.603590e-01	-4.286730e-01
2.566000e+01	6.155640e-01	-4.411370e-01	-4.774790e-01
2.568000e+01	5.141440e-01	-5.575170e-01	-5.062330e-01
2.570000e+01	3.923520e-01	-6.754190e-01	-5.266010e-01
2.572000e+01	2.871100e-01	-7.566410e-01	-5.515310e-01
2.574000e+01	1.890320e-01	-8.053230e-01	-5.550480e-01
2.576000e+01	1.249940e-01	-8.281090e-01	-5.135980e-01
2.578000e+01	1.089270e-01	-7.957630e-01	-4.894380e-01
2.580000e+01	1.118520e-01	-7.035390e-01	-4.987780e-01
2.582000e+01	1.000880e-01	-6.030710e-01	-5.160840e-01
2.584000e+01	7.645580e-02	-5.305210e-01	-5.521620e-01
2.586000e+01	3.545380e-02	-4.950350e-01	-5.841160e-01
2.588000e+01	8.881800e-03	-4.962720e-01	-6.232360e-01
2.590000e+01	-2.885820e-02	-5.395560e-01	-6.292540e-01
2.592000e+01	-8.711020e-02	-5.644500e-01	-6.292290e-01
2.594000e+01	-1.700580e-01	-5.408740e-01	-6.138940e-01
2.596000e+01	-2.659340e-01	-4.970480e-01	-5.734040e-01
2.598000e+01	-3.198640e-01	-4.385120e-01	-5.202460e-01
2.600000e+01	-3.736740e-01	-3.556420e-01	-4.511180e-01
2.602000e+01	-4.219800e-01	-2.487580e-01	-3.809880e-01
2.604000e+01	-4.848560e-01	-1.284460e-01	-3.019120e-01
2.606000e+01	-5.240780e-01	-2.320390e-02	-2.392060e-01
2.608000e+01	-5.086450e-01	3.046610e-02	-1.846460e-01
2.610000e+01	-4.552490e-01	2.637930e-02	-1.245020e-01
2.612000e+01	-3.863630e-01	3.259770e-02	-5.457240e-02
2.614000e+01	-3.161750e-01	5.688570e-02	-1.009840e-02
2.616000e+01	-2.443450e-01	6.880610e-02	-3.507640e-03
2.618000e+01	-2.148610e-01	6.537610e-02	-1.248680e-02
2.620000e+01	-2.446130e-01	6.532690e-02	7.331960e-03
2.622000e+01	-2.998630e-01	1.240130e-01	1.656460e-02
2.624000e+01	-3.738830e-01	2.400150e-01	-9.265440e-03
2.626000e+01	-4.528670e-01	3.662430e-01	-1.816440e-02
2.628000e+01	-5.430570e-01	4.690750e-01	9.199560e-03
2.630000e+01	-6.227210e-01	5.284610e-01	6.530160e-02
2.632000e+01	-6.771090e-01	5.525430e-01	1.124180e-01
2.634000e+01	-7.220710e-01	5.690800e-01	1.332380e-01
2.636000e+01	-7.113000e-01	5.535970e-01	1.368270e-01
2.638000e+01	-7.049900e-01	5.335290e-01	1.516430e-01
2.640000e+01	-6.779280e-01	5.291110e-01	1.787870e-01
2.642000e+01	-6.587100e-01	5.483070e-01	2.108950e-01
2.644000e+01	-7.059740e-01	5.582360e-01	2.250320e-01
2.646000e+01	-7.643440e-01	5.917800e-01	2.220370e-01
2.648000e+01	-7.962980e-01	6.206600e-01	2.089770e-01
2.650000e+01	-8.037170e-01	6.455960e-01	1.721810e-01
2.652000e+01	-7.856610e-01	6.812380e-01	1.546970e-01
2.654000e+01	-7.541750e-01	7.413560e-01	1.506220e-01
2.656000e+01	-7.058790e-01	8.126400e-01	1.641380e-01
2.658000e+01	-6.386910e-01	8.583880e-01	2.084520e-01
2.660000e+01	-6.007010e-01	9.070760e-01	2.538080e-01
2.662000e+01	-5.986130e-01	9.099160e-01	2.847160e-01
2.664000e+01	-6.155170e-01	8.868200e-01	3.019150e-01
2.666000e+01	-6.181720e-01	8.510140e-01	3.151510e-01
2.668000e+01	-5.893880e-01	8.110060e-01	3.238650e-01
2.670000e+01	-5.634640e-01	7.510440e-01	3.158280e-01
2.672000e+01	-5.434440e-01	7.390700e-01	2.786940e-01
2.674000e+01	-5.209620e-01	7.693420e-01	2.254500e-01
2.676000e+01	-5.080870e-01	8.299720e-01	1.956400e-01
2.678000e+01	-4.842050e-01	8.844180e-01	1.743540e-01
2.680000e+01	-4.647050e-01	9.185520e-01	1.631950e-01
2.682000e+01	-4.192890e-01	9.230070e-01	1.749510e-01
2.684000e+01	-3.591230e-01	8.767510e-01	1.591290e-01
2.686000e+01	-3.369410e-01	7.995930e-01	1.401060e-01
2.688000e+01	-2.872830e-01	6.995410e-01	1.400330e-01
2.690000e+01	-2.325410e-01	5.953850e-01	1.718410e-01
2.692000e+01	-1.726950e-01	5.184050e-01	2.070310e-01
2.694000e+01	-1.184130e-01	4.835310e-01	2.252310e-01
2.696000e+01	-7.195520e-02	4.428130e-01	2.127730e-01
2.698000e+01	1.006480e-02	4.091590e-01	1.795810e-01
2.700000e+01	9.500680e-02	3.910940e-01	1.631590e-01
2.702000e+01	1.465490e-01	3.600600e-01	1.341690e-01
2.704000e+01	1.354320e-01	3.039900e-01	1.067410e-01
2.706000e+01	1.273760e-01	2.085560e-01	7.923330e-02
2.708000e+01	1.251450e-01	1.074580e-01	6.040990e-02
2.710000e+01	1.250750e-01	1.550390e-02	8.701390e-02
2.712000e+01	1.341500e-01	-6.306210e-02	1.048340e-01
2.714000e+01	1.382830e-01	-1.065460e-01	9.939950e-02
2.716000e+01	1.314290e-01	-1.711440e-01	9.368450e-02
2.718000e+01	1.182310e-01	-2.557160e-01	1.278540e-01
2.720000e+01	1.046120e-01	-3.265800e-01	1.625240e-01
2.722000e+01	1.094450e-01	-3.757120e-01	2.000560e-01
2.724000e+01	1.400330e-01	-3.974660e-01	2.093720e-01
2.726000e+01	1.915150e-01	-4.151580e-01	1.853460e-01
2.728000e+01	2.675730e-01	-4.439580e-01	1.686050e-01
2.730000e+01	3.700870e-01	-4.698160e-01	1.672530e-01
2.732000e+01	4.581330e-01	-4.582520e-01	1.968410e-01
2.734000e+01	5.348330e-01	-4.338800e-01	2.522050e-01
2.736000e+01	5.692270e-01	-4.663040e-01	2.996450e-01
2.738000e+01	5.960750e-01	-5.365920e-01	3.294730e-01
2.740000e+01	6.200830e-01	-6.304140e-01	3.604830e-01
2.742000e+01	6.120710e-01	-7.411680e-01	3.809050e-01
2.744000e+01	5.957730e-01	-7.863240e-01	4.063910e-01
2.746000e+01	5.489770e-01	-7.678200e-01	4.253320e-01
2.748000e+01	5.200910e-01	-7.284440e-01	4.718500e-01
2.750000e+01	4.649090e-01	-6.605300e-01	5.304770e-01
2.752000e+01	4.261570e-01	-5.816080e-01	5.580440e-01
2.754000e+01	3.876650e-01	-4.778120e-01	5.636590e-01
2.756000e+01	3.466530e-01	-4.141000e-01	5.371730e-01
2.758000e+01	3.177290e-01	-3.939960e-01	4.622570e-01
2.760000e+01	2.553630e-01	-3.887010e-01	3.852790e-01
2.762000e+01	2.055850e-01	-4.295750e-01	3.267930e-01
2.764000e+01	1.922500e-01	-4.724310e-01	2.822350e-01
2.766000e+01	1.707100e-01	-4.664370e-01	2.257310e-01
2.768000e+01	1.470700e-01	-4.274430e-01	1.893590e-01
2.770000e+01	1.093820e-01	-4.162870e-01	1.546070e-01
2.772000e+01	5.432210e-02	-3.857790e-01	1.192750e-01
2.774000e+01	-9.421880e-03	-3.694600e-01	4.750090e-02
2.776000e+01	-8.987790e-02	-3.566430e-01	-2.083110e-02
2.778000e+01	-1.906060e-01	-3.363030e-01	-6.682910e-02
2.780000e+01	-2.887320e-01	-2.850630e-01	-8.873310e-02
2.782000e+01	-3.641840e-01	-2.341430e-01	-9.632770e-02
2.784000e+01	-4.237460e-01	-2.237690e-01	-9.609750e-02
2.786000e+01	-5.045020e-01	-2.301250e-01	-8.776190e-02
2.788000e+01	-6.108940e-01	-2.856730e-01	-9.813790e-02
2.790000e+01	-7.003560e-01	-3.258110e-01	-9.856760e-02
2.792000e+01	-7.758880e-01	-3.403140e-01	-8.606920e-02
2.794000e+01	-8.157780e-01	-3.315430e-01	-8.267620e-02
2.796000e+01	-8.180050e-01	-3.290960e-01	-1.066400e-01
2.798000e+01	-8.019000e-01	-3.692960e-01	-1.162560e-01
2.800000e+01	-7.972420e-01	-4.107960e-01	-1.284530e-01
2.802000e+01	-8.000280e-01	-4.495760e-01	-1.167350e-01
2.804000e+01	-8.280300e-01	-4.537750e-01	-1.221670e-01
2.806000e+01	-8.517700e-01	-4.231730e-01	-1.491930e-01
2.808000e+01	-8.483920e-01	-3.789030e-01	-1.705150e-01
2.810000e+01	-8.528790e-01	-3.173610e-01	-2.161730e-01
2.812000e+01	-8.299690e-01	-2.571210e-01	-2.692350e-01
2.814000e+01	-7.893070e-01	-1.580570e-01	-3.088690e-01
2.816000e+01	-7.509070e-01	-9.859690e-02	-3.396570e-01
2.818000e+01	-7.108050e-01	-7.491890e-02	-3.578770e-01
2.820000e+01	-6.831310e-01	-4.769890e-02	-3.870850e-01
2.822000e+01	-6.378650e-01	-2.810370e-02	-3.890760e-01
2.824000e+01	-5.770690e-01	-1.006950e-02	-3.720550e-01
2.826000e+01	-5.290210e-01	1.717050e-02	-3.507910e-01
2.828000e+01	-4.848150e-01	5.309450e-02	-3.438560e-01
2.830000e+01	-4.626430e-01	8.143450e-02	-3.570730e-01
2.832000e+01	-4.360490e-01	1.135770e-01	-3.340890e-01
2.834000e+01	-3.897830e-01	1.418570e-01	-2.926930e-01
2.836000e+01	-3.250050e-01	1.391580e-01	-2.478950e-01
2.838000e+01	-2.550030e-01	1.032580e-01	-2.100410e-01
2.840000e+01	-1.913850e-01	6.369550e-02	-1.970420e-01
2.842000e+01	-1.170990e-01	2.008950e-02	-1.982710e-01
2.844000e+01	-5.814270e-02	-1.230850e-02	-1.963190e-01
2.846000e+01	-1.153470e-02	-3.125910e-02	-1.737330e-01
2.848000e+01	5.328530e-02	-6.421910e-02	-1.370190e-01
2.850000e+01	9.563330e-02	-1.116870e-01	-7.707120e-02
2.852000e+01	1.270130e-01	-1.614370e-01	-2.164520e-02
2.854000e+01	1.488670e-01	-1.963590e-01	2.697680e-02
2.856000e+01	1.883730e-01	-2.311990e-01	6.367080e-02
2.858000e+01	2.486710e-01	-2.608570e-01	4.625160e-02
2.860000e+01	2.936210e-01	-2.738640e-01	3.655700e-02
2.862000e+01	3.268430e-01	-3.018600e-01	3.917020e-02
2.864000e+01	3.205820e-01	-3.140270e-01	5.186960e-02
2.866000e+01	3.025930e-01	-3.198700e-01	5.992640e-02
2.868000e+01	2.730770e-01	-3.154660e-01	3.282240e-02
2.870000e+01	2.495250e-01	-3.213300e-01	5.196370e-03
2.872000e+01	2.421030e-01	-2.967940e-01	-4.278160e-02
2.874000e+01	2.372630e-01	-2.285920e-01	-7.400960e-02
2.876000e+01	2.353650e-01	-1.794600e-01	-1.142640e-01
2.878000e+01	1.847770e-01	-1.269260e-01	-1.599420e-01
2.880000e+01	1.102330e-01	-9.102170e-02	-1.687560e-01
2.882000e+01	3.911270e-02	-3.840770e-02	-1.413880e-01
2.884000e+01	-2.640530e-02	2.243230e-02	-9.819000e-02
2.886000e+01	-6.018330e-02	7.376630e-02	-6.822000e-02
2.888000e+01	-7.917170e-02	1.127920e-01	-2.406200e-02
2.890000e+01	-9.161590e-02	1.131750e-01	3.927960e-03
2.892000e+01	-7.532210e-02	1.103550e-01	1.538360e-03
2.894000e+01	-5.424410e-02	1.233050e-01	-4.654040e-03
2.896000e+01	-1.361410e-02	1.356150e-01	5.203200e-02
2.898000e+01	4.262590e-02	1.145650e-01	8.266200e-02
2.900000e+01	8.475790e-02	1.037010e-01	9.770340e-02
2.902000e+01	1.324740e-01	9.081600e-02	5.596940e-02
2.904000e+01	1.709240e-01	5.555800e-02	-7.946370e-04
2.906000e+01	2.395120e-01	2.052000e-02	-6.567040e-03
2.908000e+01	3.324360e-01	-1.924200e-02	6.992560e-03
2.910000e+01	4.311640e-01	-5.792400e-02	4.524860e-02
2.912000e+01	5.058980e-01	-5.329860e-02	6.787460e-02
2.914000e+01	5.808320e-01	-6.025580e-04	5.996200e-02
2.916000e+01	6.583680e-01	6.812340e-02	3.493800e-02
2.918000e+01	7.246780e-01	1.403530e-01	1.011400e-02
2.920000e+01	7.728760e-01	2.063990e-01	-1.687200e-02
2.922000e+01	7.858930e-01	2.483910e-01	-2.848780e-02
2.924000e+01	7.960490e-01	2.560220e-01	-2.457420e-02
2.926000e+01	7.910150e-01	2.248280e-01	8.777760e-03
2.928000e+01	8.003100e-01	1.951960e-01	6.374380e-02
2.930000e+01	7.896130e-01	1.450120e-01	9.355380e-02
2.932000e+01	7.780760e-01	1.122980e-01	6.394780e-02
2.934000e+01	7.722230e-01	1.243320e-01	3.349980e-02
2.936000e+01	7.140770e-01	1.411690e-01	1.161780e-02
2.938000e+01	6.417230e-01	2.026350e-01	1.325000e-02
2.940000e+01	5.441530e-01	2.661830e-01	2.590960e-02
2.942000e+01	4.334750e-01	3.143610e-01	5.509620e-03
2.944000e+01	3.052850e-01	3.345430e-01	-1.985440e-02
2.946000e+01	1.908050e-01	3.466000e-01	-6.331040e-02
2.948000e+01	9.985850e-02	3.627200e-01	-9.311840e-02
2.950000e+01	1.499650e-02	3.794000e-01	-9.284700e-02
2.952000e+01	-3.612550e-02	3.921980e-01	-7.530480e-02
2.954000e+01	-5.632750e-02	4.064980e-01	-6.020380e-02
2.956000e+01	-5.563540e-02	4.153550e-01	-7.300020e-02
2.958000e+01	-5.706410e-02	4.335580e-01	-8.827840e-02
2.960000e+01	-6.893890e-02	4.940880e-01	-6.405240e-02
2.962000e+01	-8.251450e-02	5.618820e-01	-4.026640e-02
2.964000e+01	-8.858530e-02	6.332600e-01	-9.924350e-04
2.966000e+01	-1.045220e-01	7.081800e-01	7.100360e-02
2.968000e+01	-8.825890e-02	7.859640e-01	1.699960e-01
2.970000e+01	-4.183690e-02	8.245440e-01	2.487560e-01
2.972000e+01	2.185130e-03	8.491960e-01	2.656180e-01
2.974000e+01	5.223110e-02	8.802320e-01	2.439760e-01
2.976000e+01	7.383910e-02	8.896150e-01	2.259170e-01
2.978000e+01	4.443710e-02	8.970770e-01	2.228470e-01
2.980000e+01	-1.254870e-03	9.462450e-01	2.209970e-01
2.982000e+01	-2.863690e-02	1.007520e+00	2.079410e-01
2.984000e+01	-4.302990e-02	1.041270e+00	1.638450e-01
2.986000e+01	-5.293990e-02	1.057060e+00	1.407610e-01
2.988000e+01	-6.775250e-02	1.020680e+00	1.130550e-01
2.990000e+01	-9.933450e-02	9.215960e-01	9.457450e-02
2.992000e+01	-1.438440e-01	7.993220e-01	7.317260e-02
2.994000e+01	-1.937980e-01	6.792100e-01	5.247060e-02
2.996000e+01	-2.502360e-01	5.815720e-01	2.340260e-02
2.998000e+01	-2.788360e-01	5.151340e-01	-2.109340e-02
3.000000e+01	-2.745160e-01	5.096540e-01	-5.108140e-02
3.002000e+01	-2.597890e-01	5.176440e-01	-9.473740e-02
3.004000e+01	-2.362570e-01	5.315980e-01	-1.380930e-01
3.006000e+01	-2.073810e-01	5.357680e-01	-1.454080e-01
3.008000e+01	-1.638350e-01	5.035360e-01	-9.754790e-02
3.010000e+01	-1.136450e-01	4.256160e-01	-6.839990e-02
3.012000e+01	-3.777950e-02	3.363700e-01	-4.685590e-02
3.014000e+01	5.884050e-02	2.374380e-01	-6.999990e-02
3.016000e+01	1.581230e-01	1.207160e-01	-1.202000e-01
3.018000e+01	2.197230e-01	1.992620e-02	-1.571720e-01
3.020000e+01	2.490630e-01	-7.836170e-02	-2.035100e-01
3.022000e+01	2.492050e-01	-1.729880e-01	-2.244540e-01
3.024000e+01	2.665780e-01	-2.489820e-01	-1.953060e-01
3.026000e+01	3.132100e-01	-2.958360e-01	-1.598340e-01
3.028000e+01	3.449120e-01	-3.456720e-01	-1.357100e-01
3.030000e+01	3.843600e-01	-4.196200e-01	-1.361200e-01
3.032000e+01	4.155240e-01	-5.225660e-01	-1.309480e-01
3.034000e+01	4.133670e-01	-6.298940e-01	-1.108260e-01
3.036000e+01	4.107890e-01	-7.476680e-01	-9.274490e-02
3.038000e+01	4.309850e-01	-8.360040e-01	-5.985500e-02
3.040000e+01	4.273080e-01	-8.825920e-01	-4.199390e-02
3.042000e+01	3.914720e-01	-9.221360e-01	-1.506790e-02
3.044000e+01	3.300200e-01	-9.501120e-01	-2.304270e-02
3.046000e+01	2.886200e-01	-9.508290e-01	-3.484060e-02
3.048000e+01	2.619280e-01	-9.477030e-01	-3.413070e-02
3.050000e+01	2.343760e-01	-9.675290e-01	-1.607030e-02
3.052000e+01	2.124280e-01	-1.006960e+00	-5.534110e-03
3.054000e+01	1.827960e-01	-1.083040e+00	-3.204210e-02
3.056000e+01	1.682940e-01	-1.182410e+00	-4.101890e-02
3.058000e+01	1.546930e-01	-1.262950e+00	-1.055090e-02
3.060000e+01	1.078930e-01	-1.272510e+00	1.519310e-02
3.062000e+01	6.293290e-02	-1.235280e+00	4.257910e-02
3.064000e+01	2.581890e-02	-1.180090e+00	4.266800e-02
3.066000e+01	-3.411050e-03	-1.112630e+00	4.795980e-02
3.068000e+01	-2.665510e-02	-1.068190e+00	7.358380e-02
3.070000e+01	-3.545130e-02	-1.057190e+00	1.021700e-01
3.072000e+01	-5.215190e-02	-1.051740e+00	1.388420e-01
3.074000e+01	-9.824990e-02	-1.031230e+00	1.615040e-01
3.076000e+01	-1.557360e-01	-9.997120e-01	1.895900e-01
3.078000e+01	-2.096380e-01	-9.707720e-01	2.150340e-01
3.080000e+01	-2.522540e-01	-9.343860e-01	2.362960e-01
3.082000e+01	-2.858440e-01	-8.926560e-01	2.483320e-01
3.084000e+01	-3.159300e-01	-8.606700e-01	2.735960e-01
3.086000e+01	-3.437960e-01	-8.359680e-01	3.031220e-01
3.088000e+01	-3.651960e-01	-8.009180e-01	3.443160e-01
3.090000e+01	-3.833140e-01	-7.602420e-01	3.738020e-01
3.092000e+01	-4.244060e-01	-6.994340e-01	3.891190e-01
3.094000e+01	-4.961960e-01	-6.134480e-01	3.837240e-01
3.096000e+01	-5.574600e-01	-5.341640e-01	3.517120e-01
3.098000e+01	-5.851220e-01	-4.616640e-01	3.383110e-01
3.100000e+01	-5.958940e-01	-3.820980e-01	3.343960e-01
3.102000e+01	-6.145300e-01	-2.937440e-01	3.303810e-01
3.104000e+01	-6.286240e-01	-1.986840e-01	3.293280e-01
3.106000e+01	-5.934860e-01	-1.230360e-01	2.998360e-01
3.108000e+01	-5.599880e-01	-9.515590e-02	2.761680e-01
3.110000e+01	-5.364560e-01	-7.547930e-02	2.589240e-01
3.112000e+01	-4.909900e-01	-4.275330e-02	2.360760e-01
3.114000e+01	-4.546900e-01	2.243470e-02	2.419470e-01
3.116000e+01	-4.250340e-01	7.083470e-02	2.439150e-01
3.118000e+01	-4.072240e-01	1.135930e-01	2.413200e-01
3.120000e+01	-3.895950e-01	1.868110e-01	2.287180e-01
3.122000e+01	-3.661010e-01	2.616910e-01	1.984860e-01
3.124000e+01	-3.169110e-01	3.321710e-01	1.511420e-01
3.126000e+01	-2.699430e-01	4.117370e-01	1.395210e-01
3.128000e+01	-2.282770e-01	4.901850e-01	1.434700e-01
3.130000e+01	-1.707610e-01	5.238870e-01	1.402340e-01
3.132000e+01	-1.110030e-01	5.522470e-01	1.264120e-01
3.134000e+01	-5.304500e-02	5.782670e-01	9.205550e-02
3.136000e+01	-2.651050e-03	6.024670e-01	2.503950e-02
3.138000e+01	4.053890e-02	6.337530e-01	-5.474450e-02
3.140000e+01	5.180890e-02	6.701850e-01	-1.286660e-01
3.142000e+01	6.420010e-02	6.880870e-01	-1.746100e-01
3.144000e+01	4.765410e-02	6.874590e-01	-1.811700e-01
3.146000e+01	1.706010e-02	7.010030e-01	-1.727400e-01
3.148000e+01	1.612440e-02	6.764250e-01	-1.416760e-01
3.150000e+01	5.383230e-03	6.390610e-01	-1.291240e-01
3.152000e+01	7.670630e-03	6.098630e-01	-1.152110e-01
3.154000e+01	-1.329540e-02	6.065630e-01	-1.114250e-01
3.156000e+01	-3.812340e-02	5.751870e-01	-1.029360e-01
3.158000e+01	-2.362740e-02	5.543390e-01	-8.021790e-02
3.160000e+01	-3.464660e-02	5.867070e-01	-2.151790e-02
3.162000e+01	-4.752700e-02	6.254210e-01	2.299410e-02
3.164000e+01	-4.703830e-02	6.333380e-01	3.846790e-02
3.166000e+01	-7.941030e-02	5.996700e-01	3.512970e-02
3.168000e+01	-8.064240e-02	5.650840e-01	2.106470e-02
3.170000e+01	-3.756640e-02	5.098480e-01	6.979710e-03
3.172000e+01	3.075670e-04	4.925560e-01	-5.437430e-02
3.174000e+01	1.784920e-02	4.992810e-01	-1.259560e-01
3.176000e+01	5.552770e-03	4.886380e-01	-2.011800e-01
3.178000e+01	-3.185920e-02	4.979290e-01	-2.695600e-01
3.180000e+01	-4.165400e-02	4.941150e-01	-3.239920e-01
3.182000e+01	-1.912800e-02	4.579430e-01	-3.582320e-01
3.184000e+01	8.561970e-03	3.885130e-01	-3.691380e-01
3.186000e+01	3.593200e-02	3.093390e-01	-3.736390e-01
3.188000e+01	4.969400e-02	2.404130e-01	-4.064590e-01
3.190000e+01	6.175540e-02	1.591410e-01	-4.251300e-01
3.192000e+01	8.838740e-02	9.972270e-02	-4.176240e-01
3.194000e+01	9.968980e-02	6.596470e-02	-3.978520e-01
3.196000e+01	1.129340e-01	4.025270e-02	-3.842620e-01
3.198000e+01	1.267590e-01	1.048070e-02	-4.050140e-01
3.200000e+01	1.264950e-01	-1.602730e-02	-4.344120e-01
3.202000e+01	1.246100e-01	-4.231130e-02	-4.625900e-01
3.204000e+01	1.234070e-01	-8.570330e-02	-5.285300e-01
3.206000e+01	1.375530e-01	-1.247910e-01	-5.712960e-01
3.208000e+01	1.454370e-01	-1.675590e-01	-6.034760e-01
3.210000e+01	1.154370e-01	-2.121650e-01	-6.320940e-01
3.212000e+01	6.028270e-02	-2.423610e-01	-6.528080e-01
3.214000e+01	5.488680e-03	-2.531030e-01	-6.737820e-01
3.216000e+01	-4.588130e-02	-2.728870e-01	-6.646580e-01
3.218000e+01	-1.107790e-01	-2.890070e-01	-6.593960e-01
3.220000e+01	-1.716550e-01	-3.025230e-01	-6.646810e-01
3.222000e+01	-2.510210e-01	-3.268030e-01	-6.678250e-01
3.224000e+01	-3.612670e-01	-3.613470e-01	-6.394890e-01
3.226000e+01	-4.748950e-01	-4.102370e-01	-6.096130e-01
3.228000e+01	-5.916450e-01	-4.631670e-01	-5.633670e-01
3.230000e+01	-6.878610e-01	-5.371670e-01	-5.186210e-01
3.232000e+01	-7.682470e-01	-5.974970e-01	-4.896650e-01
3.234000e+01	-8.234170e-01	-6.310470e-01	-4.833640e-01
3.236000e+01	-8.811090e-01	-6.460040e-01	-4.801850e-01
3.238000e+01	-8.955340e-01	-6.436880e-01	-4.877520e-01
3.240000e+01	-8.898230e-01	-6.243410e-01	-5.054000e-01
3.242000e+01	-8.835800e-01	-5.769030e-01	-5.060250e-01
3.244000e+01	-8.756520e-01	-5.021690e-01	-4.710750e-01
3.246000e+01	-8.715010e-01	-4.609790e-01	-4.316470e-01
3.248000e+01	-8.081110e-01	-4.336310e-01	-3.916590e-01
3.250000e+01	-7.538270e-01	-4.181540e-01	-3.577670e-01
3.252000e+01	-6.900030e-01	-3.918520e-01	-3.273310e-01
3.254000e+01	-6.379770e-01	-3.615380e-01	-2.527230e-01
3.256000e+01	-5.926550e-01	-3.254300e-01	-1.729350e-01
3.258000e+01	-5.466010e-01	-2.877160e-01	-1.119210e-01
3.260000e+01	-5.139350e-01	-2.262680e-01	-7.544280e-02
3.262000e+01	-4.889830e-01	-1.613360e-01	-2.922880e-02
3.264000e+01	-4.534910e-01	-1.294980e-01	1.314320e-02
3.266000e+01	-4.214410e-01	-9.717810e-02	6.844520e-02
3.268000e+01	-4.100430e-01	-6.507610e-02	1.311570e-01
3.270000e+01	-3.786510e-01	-3.551010e-02	2.005050e-01
3.272000e+01	-3.577490e-01	-2.392140e-03	2.846950e-01
3.274000e+01	-3.384640e-01	6.247790e-02	3.536670e-01
3.276000e+01	-3.216660e-01	9.034790e-02	4.052290e-01
3.278000e+01	-3.086940e-01	1.007530e-01	4.568090e-01
3.280000e+01	-2.974270e-01	9.308870e-02	5.031490e-01
3.282000e+01	-2.785880e-01	7.253270e-02	5.371930e-01
3.284000e+01	-2.582860e-01	3.493270e-02	5.693510e-01
3.286000e+01	-2.511900e-01	-3.776530e-02	5.948470e-01
3.288000e+01	-2.391540e-01	-1.199430e-01	6.199590e-01
3.290000e+01	-2.324600e-01	-1.902330e-01	6.565470e-01
3.292000e+01	-2.444980e-01	-2.368210e-01	7.158570e-01
3.294000e+01	-2.537420e-01	-2.039990e-01	7.565690e-01
3.296000e+01	-2.647440e-01	-1.406150e-01	7.960730e-01
3.298000e+01	-2.330780e-01	-1.034990e-01	8.278170e-01
3.300000e+01	-1.697160e-01	-8.767070e-02	8.377000e-01
3.302000e+01	-8.368170e-02	-1.236290e-01	8.343800e-01
3.304000e+01	-9.435720e-03	-1.770130e-01	8.002300e-01
3.306000e+01	6.416030e-02	-2.260310e-01	7.662360e-01
3.308000e+01	1.554640e-01	-2.602530e-01	7.428500e-01
3.310000e+01	2.068940e-01	-2.775060e-01	7.124520e-01
3.312000e+01	2.522580e-01	-2.756230e-01	6.954440e-01
3.314000e+01	2.941820e-01	-2.464530e-01	6.867050e-01
3.316000e+01	3.627560e-01	-2.123570e-01	6.851550e-01
3.318000e+01	4.487240e-01	-1.756170e-01	6.550530e-01
3.320000e+01	5.407920e-01	-1.440150e-01	5.963710e-01
3.322000e+01	6.395620e-01	-9.476070e-02	5.340950e-01
3.324000e+01	7.167280e-01	-2.134270e-02	4.689210e-01
3.326000e+01	7.971560e-01	6.038930e-02	4.099730e-01
3.328000e+01	8.611660e-01	1.470430e-01	3.657770e-01
3.330000e+01	9.056880e-01	2.228410e-01	3.227190e-01
3.332000e+01	9.581880e-01	2.853710e-01	2.562970e-01
3.334000e+01	1.000570e+00	3.490390e-01	2.054750e-01
3.336000e+01	1.037630e+00	4.093590e-01	1.538310e-01
3.338000e+01	1.072030e+00	4.730230e-01	1.150890e-01
3.340000e+01	1.074240e+00	5.402090e-01	9.238330e-02
3.342000e+01	1.056720e+00	6.097570e-01	7.736170e-02
3.344000e+01	1.020200e+00	6.733010e-01	6.654590e-02
3.346000e+01	9.559710e-01	7.359690e-01	6.282850e-02
3.348000e+01	9.011790e-01	7.735510e-01	5.011190e-02
3.350000e+01	8.451210e-01	7.589140e-01	2.669390e-02
3.352000e+01	7.978750e-01	7.428140e-01	-9.710100e-03
3.354000e+01	7.571650e-01	7.262180e-01	-4.376010e-02
3.356000e+01	7.405860e-01	7.167150e-01	-6.448610e-02
3.358000e+01	7.299270e-01	7.153290e-01	-8.071950e-02
3.360000e+01	6.742150e-01	7.168790e-01	-9.090210e-02
3.362000e+01	5.979930e-01	7.170550e-01	-1.042060e-01
3.364000e+01	5.217070e-01	7.225200e-01	-1.217430e-01
3.366000e+01	4.343190e-01	7.225080e-01	-1.464190e-01
3.368000e+01	3.521030e-01	7.175020e-01	-1.512180e-01
3.370000e+01	2.773150e-01	6.667000e-01	-1.490820e-01
3.372000e+01	2.108050e-01	6.025040e-01	-1.520410e-01
3.374000e+01	1.584510e-01	5.426660e-01	-1.697610e-01
3.376000e+01	1.145590e-01	4.701080e-01	-1.993620e-01
3.378000e+01	7.200910e-02	3.970940e-01	-2.234990e-01
3.380000e+01	2.659310e-02	3.307480e-01	-2.432670e-01
3.382000e+01	-2.652920e-03	2.819300e-01	-2.307080e-01
3.384000e+01	-3.455490e-02	2.315220e-01	-2.105060e-01
3.386000e+01	-4.258270e-02	1.890880e-01	-2.088540e-01
3.388000e+01	-3.787250e-02	1.470220e-01	-2.077600e-01
3.390000e+01	-2.288110e-02	8.908800e-02	-2.025640e-01
3.392000e+01	-1.035530e-02	2.458000e-02	-1.940200e-01
3.394000e+01	-1.667890e-02	-2.165000e-02	-1.971080e-01
3.396000e+01	-3.275990e-02	-6.525200e-02	-1.942590e-01
3.398000e+01	-4.712530e-02	-1.294380e-01	-1.851410e-01
3.400000e+01	-6.402030e-02	-1.979620e-01	-1.635590e-01
3.402000e+01	-8.405230e-02	-2.667020e-01	-1.299930e-01
3.404000e+01	-9.924190e-02	-3.334600e-01	-1.188240e-01
3.406000e+01	-1.194300e-01	-3.961040e-01	-1.159340e-01
3.408000e+01	-1.244580e-01	-4.481120e-01	-1.067730e-01
3.410000e+01	-1.396040e-01	-4.915720e-01	-9.596450e-02
3.412000e+01	-1.557080e-01	-5.365860e-01	-8.638290e-02
3.414000e+01	-1.690160e-01	-5.622920e-01	-7.667150e-02
3.416000e+01	-1.735360e-01	-5.874780e-01	-5.648950e-02
3.418000e+01	-1.662680e-01	-6.080980e-01	-4.036910e-02
3.420000e+01	-1.563120e-01	-6.201020e-01	-2.035510e-02
3.422000e+01	-1.502900e-01	-6.212470e-01	-3.898140e-03
3.424000e+01	-1.426760e-01	-6.089360e-01	-1.897540e-03
3.426000e+01	-1.379790e-01	-5.858580e-01	-2.778420e-03
3.428000e+01	-1.346950e-01	-5.531680e-01	-1.403020e-03
3.430000e+01	-1.253440e-01	-5.355180e-01	-9.757820e-04
3.432000e+01	-1.185710e-01	-5.173710e-01	-7.864380e-03
3.434000e+01	-1.070630e-01	-4.877700e-01	-1.855720e-02
3.436000e+01	-1.007320e-01	-4.555070e-01	-3.224360e-02
3.438000e+01	-9.248590e-02	-4.220760e-01	-4.124980e-02
3.440000e+01	-1.031520e-01	-3.885280e-01	-4.591300e-02
3.442000e+01	-1.181590e-01	-3.432910e-01	-5.028200e-02
3.444000e+01	-1.338550e-01	-2.953640e-01	-5.026650e-02
3.446000e+01	-1.494650e-01	-2.465290e-01	-4.988530e-02
3.448000e+01	-1.494450e-01	-2.055850e-01	-4.741890e-02
3.450000e+01	-1.417070e-01	-1.775200e-01	-3.966390e-02
3.452000e+01	-1.300870e-01	-1.375330e-01	-3.764150e-02
3.454000e+01	-1.246270e-01	-8.852250e-02	-3.094210e-02
3.456000e+01	-1.131550e-01	-4.695050e-02	-2.349850e-02
3.458000e+01	-1.042090e-01	-2.380850e-02	-2.070570e-02
3.460000e+01	-1.084520e-01	-4.426710e-03	-2.015360e-02
3.462000e+01	-1.138890e-01	1.717330e-02	-2.284080e-02
3.464000e+01	-1.195200e-01	3.745930e-02	-2.029640e-02
3.466000e+01	-1.282290e-01	5.708390e-02	-9.396410e-03
3.468000e+01	-1.315660e-01	8.173790e-02	2.732790e-03
3.470000e+01	-1.359210e-01	1.035400e-01	1.217940e-02
3.472000e+01	-1.400880e-01	1.216140e-01	1.580040e-02
3.474000e+01	-1.433210e-01	1.457520e-01	1.715020e-02
3.476000e+01	-1.425480e-01	1.677940e-01	1.525110e-02
3.478000e+01	-1.351490e-01	1.827400e-01	1.397440e-02
3.480000e+01	-1.305200e-01	1.935710e-01	8.733850e-03
3.482000e+01	-1.202480e-01	1.957950e-01	-4.740150e-03
3.484000e+01	-1.092970e-01	1.868950e-01	-2.077340e-02
3.486000e+01	-1.049750e-01	1.759310e-01	-2.952280e-02
3.488000e+01	-1.018620e-01	1.650880e-01	-2.940140e-02
3.490000e+01	-9.775620e-02	1.480480e-01	-2.784420e-02
3.492000e+01	-9.206160e-02	1.344610e-01	-2.720570e-02
3.494000e+01	-8.718500e-02	1.300760e-01	-2.448070e-02
3.496000e+01	-7.894920e-02	1.254140e-01	-1.314990e-02
3.498000e+01	-6.393420e-02	1.245290e-01	-4.796690e-04
3.500000e+01	-5.042500e-02	1.235870e-01	8.647530e-03
3.502000e+01	-3.887280e-02	1.216040e-01	1.032980e-02
3.504000e+01	-3.137920e-02	1.155410e-01	7.897790e-03
3.506000e+01	-2.827000e-02	1.050540e-01	7.732010e-03
3.508000e+01	-2.806500e-02	9.456840e-02	7.968070e-03
3.510000e+01	-3.127060e-02	8.170580e-02	6.232770e-03
3.512000e+01	-3.268710e-02	7.072500e-02	1.124370e-03
3.514000e+01	-3.291910e-02	5.896500e-02	-6.901830e-03
3.516000e+01	-3.289140e-02	5.022160e-02	-1.652280e-02
3.518000e+01	-3.379050e-02	4.535120e-02	-2.527940e-02
3.520000e+01	-3.729770e-02	4.356740e-02	-3.179860e-02
3.522000e+01	-4.034150e-02	4.334250e-02	-3.588640e-02
3.524000e+01	-4.573470e-02	4.235350e-02	-3.996600e-02
3.526000e+01	-5.299330e-02	4.150940e-02	-4.219020e-02
3.528000e+01	-5.820250e-02	4.013180e-02	-4.010060e-02
3.530000e+01	-6.229350e-02	3.559820e-02	-3.677340e-02
3.532000e+01	-6.587330e-02	2.918020e-02	-3.391660e-02
3.534000e+01	-6.880030e-02	2.282160e-02	-3.176160e-02
3.536000e+01	-6.972580e-02	1.669840e-02	-2.925200e-02
3.538000e+01	-6.975640e-02	1.178300e-02	-2.709040e-02
3.540000e+01	-7.065520e-02	9.135430e-03	-2.521370e-02
3.542000e+01	-7.185310e-02	9.635250e-03	-2.371170e-02
3.544000e+01	-7.318860e-02	1.120480e-02	-2.350340e-02
3.546000e+01	-7.272290e-02	1.404500e-02	-2.246560e-02
3.548000e+01	-7.061870e-02	1.546480e-02	-2.041700e-02
3.550000e+01	-6.782650e-02	1.544460e-02	-1.787080e-02
3.552000e+01	-6.440050e-02	1.507490e-02	-1.527220e-02
3.554000e+01	-6.076890e-02	1.413360e-02	-1.351260e-02
3.556000e+01	-5.695050e-02	1.278620e-02	-1.183700e-02
3.558000e+01	-5.392190e-02	1.071860e-02	-1.023190e-02
3.560000e+01	-5.139510e-02	9.530430e-03	-8.860750e-03
3.562000e+01	-4.884290e-02	7.635730e-03	-7.611410e-03
3.564000e+01	-4.627150e-02	5.106730e-03	-6.800850e-03
3.566000e+01	-4.374310e-02	2.456730e-03	-5.985610e-03
3.568000e+01	-4.162210e-02	-4.988680e-04	-5.342090e-03
3.570000e+01	-3.965630e-02	-3.474270e-03	-4.495710e-03
3.572000e+01	-3.779140e-02	-6.206870e-03	-3.405130e-03
3.574000e+01	-3.604960e-02	-8.202910e-03	-2.515930e-03
3.576000e+01	-3.424640e-02	-9.638250e-03	-1.699630e-03
3.578000e+01	-3.285840e-02	-1.057310e-02	-9.995539e-04
3.580000e+01	-3.158980e-02	-1.091890e-02	-4.338140e-04
3.582000e+01	-3.050600e-02	-1.092290e-02	-4.677380e-05
3.584000e+01	-2.948490e-02	-1.062950e-02	3.052260e-04
3.586000e+01	-2.858900e-02	-1.000610e-02	5.366860e-04
3.588000e+01	-2.790860e-02	-9.172970e-03	6.732820e-04
3.590000e+01	-2.746080e-02	-8.230050e-03	6.772150e-04
3.592000e+01	-2.723160e-02	-7.153730e-03	4.667950e-04
3.594000e+01	-2.720510e-02	-5.986930e-03	4.985530e-05
3.596000e+01	-2.736030e-02	-4.779890e-03	-5.569650e-04
3.598000e+01	-2.769770e-02	-3.562790e-03	-1.334260e-03
